64 1
196.92264824825654774744505147587258844002022112863118450819431638919052132382519421761385274747156917096548985235416529317743755624887450618008446080960449
162.5104206985148201064492782481087178106866311536354351409809846007282346819583026844074615281674598225118676331720015487245547017164621607120267033252097
117.51386504031231088016839023884611289082392763394275006188627106476993277433643569072671891638583609294788114182091089364342731501810842889667599710954948
104.40002610791017658164742446685878848798876817836178750532501775342798155382907525407771996431184139794298709704774868816964587816415838830642422143146683
82.507977592259827075010237975711499072859996154845139929352592701364772157796185513388864493931380914367683155288750385078583571365489683909388880021044715
88.880738409779396529324949548698007874131094807278554831809579461187579258863864649898187988105177595566594948227808457442353102937147022619964210215384528
170.70905619720236933790454944067604483508788754425908080305906981723106431000782628405817844390535715764917483150060679233344534548623170991154038344055266
311.76001251458945639399144919953236931057564721002042691115070539664852001869382071441891792740307579918959087154463800901239009596981043228252428313656167
43.768649789832572755709668926067960307390138679031725842802910775684905634247479003776646510313981773697460280691240455756307927163352563602133308022653554
34.127697816935970941660849747159263071079685414591387753610313841039886473335882415020691240262908218221447723592124426753313413328289536295022918999817785
42.088203006219233730073183901540837567782372675942221049014960786957372320252312907664883570077200781200609353058910895233986441310275639882647453849885168
10.589518180285285371321397013276515899398818140281239437199758710933913350525322595894238352778082861348795130063755092258236283950048792954661032194761133
26.383361967829263911997192173694315874272355834759092028202027743331907031586099947114140429207167940646398977756388014386453969858848360837319937815728775
1.6074022580762013552279317950451117623338370894544524962965578273987361999201671096045219115437357708204280823366679062288857040516362838124903073544870221
11.710191547120030035512116160762410854474614201820805017512241429927133427294987095412197907336395117517997883431367183316589537053589426697573813042296454
48.192320695524135905478423963336126573486997589247966162487642835534719927683694217600968270330423833261978826966622421810672009056410552576186310164004162
-15.156875847482106267994401590273156940147242171314070574358095010955172128881779750138555020929538044163509008041900349853943164765103577487343216767765553
48.120043170025559224062266237826202741703382830763062715150967307838308790874707672082417176527828858477414311707442313000151374832992557510649747971094287
8.5384555422690877732179080743386558206208576694664767960824173495540225739225818840032492273866055231291061954491127172125902459867812951588139007111272241
190.09182096104551223447945947836814905553072114276899409945368257123359122573980052209902719224427400044991287991555255765286571698402727627234973544141353
500.79329281250537480976714459907454002527943384951759268153127782078094522178333304609219376634051031465954927693667241861351618730144170911413594455147502
647.9604863858955846301888143431577712702293312619171238699504357949372278676382131903702277686440390482897622720910748912773241320105911144555155063861651
269.47659286624008423452228536155823325399549403846698914728321825411182581359259163121776971258643245050947259322388421977577107026128681073799606475540645
3.5785152051117594975413055896900898637748142232552404536959231564616122120510587378737919886931372150663181274066255121148268519453530279086647801752811049
18.51320719873131108213818998651432962125005410721475829614220854618727149946995175358947297990389902303618826266489004409975238052043318044306492253660183
-18.364513684737079527131958346937788903651957202536702191705111369010181761994534171756048960776342097019193466655370079995000876395598536491902981585002614
-0.90074380228662000336772495643392383580023677081445760396164435759469004092768029228065728855469275384172893813967739427415504998770663555272407421359176393
-17.380535101462380836991332440280734041253802491807640410441650903851951802493972884245484613888793564059660456672269962708395024534221838359574550855483743
0.49468142564456461406992720451704104608471563248870578078591384151598444286394968196290270698162899257173015973903150543673868205529647805415943377717266637
20.432294356842568105701734770594031796098210245576828512400916521735917294943586240952827150020039290920870240270579212357581230966638130900364182437000815
-33.049797547228289322390070402647672027645922452105638463739360993845355756598335141590689424484969363124174093672596573221179172957403904274912686419950569
-298.51170812640273412551479995931103571122624373069346402635164840874884592518476511593198109514783462561038804630689278962488454593586934158055117868000892
-1005.4148278475633102751591148224871315901464594219335378991461360526862695481612635695380682168871280084933923845817929581006823566662719349855447620893584
-1284.438943479941226878049388396033563283799451150065691083583413771376875169356006555311619609212161004723966694708898524732609827021433378110884243587755
-526.13282309647850091971056353392714777776447502983487495833944347392275658573832744688521911426846632161424204756765157686929289014467881284700727661910901
-29.345614394531805681761751277098870875050897990049289066106898718523483805474763828216306475738642283049204607607078748902069222089790080138958670485068001
-22.821519371819091528877053285875076680008598966690246510636062467485323969156835740807665713614520325909267204129434396347601674802864887086660404712200323
-13.128675063399520613682900442984219164823988625528010423896769620962134812260174984186474916733528114156816029088720666037397912172176125791638286227890734
3.0280906123826241734752945912021767166759607792717604136262573385522416090290318593160355431656093775910167456915748928319086238086083498175496621158273702
-74.909664258173047821862514564561759099231589736956117474221871502881045473877078565449128750486062654447995695581407060575041821458356521657310124546126485
121.27849950364319629672542888038761232369806317123493633948831247862553619875124392302968690072977467120560626955765499579089531011122266313163638906673382
397.72681921780642371102938513340635490927791152729588506916419726442477790440629436692901547341317125982388249969037389893446560109129908509589293524305314
1566.9198213423095236511879137071981726948319125475148919110166142959639220850339414525007049471192250611227584579548493992324047451425090381821261398956119
1911.4585686204388260408132679134364552882527516365386757638671553831256694744612670762467833184632651899743578898758295251211478057277151884082593387176041
773.29503938828913870389818378802013273456715038161098998604866226500900160488837511784572804729220409338439813791194304244991418346981660965675066628729858
47.920424570782454701819502056967430364783535105045765111307422403069487147723556861243420432833848059275796338550708663309725600724593849323393358696171191
32.954265821233077847137230113405480031530597591319118987943706475590087197618778047914676144607271398040696490817591634543250808573430765709186107185822028
3.8924904425991985435332441051416170978379422139226881410662742996694677034966866085533589562448578210240885358720950034220251068575353183550666721013480509
-172.61060572200088423267795171618728953618544069921866057514330159707076895273528516523735322123560973061013132800355187388745017429777853925352429617025244
-466.94126471921839953736804817907431647015507749111238256214348946658392012594705136914142629680086981659640313238947280449895300394486420306269150245553218
-2018.4640149160748246380429829143763638332710773288605554784300034177981083544490589952616525868044898331249779629541996711764155056876779671755017713884676
-2539.0017080528023436856680796490673180006739564026883579130616947414944659683101234830711500794410901084602607611310710233312103859501293008908104004003173
-951.99147750826641134619658598666450614880000114405223738087491507201025970716413396216081078362024911971277437587394561233129951379057996557550350329497971
-31.959552171711536867680643185989933802175207766743787308911965818952443714963811225677693794850092363950607529766678234445633619435242487530101755578755689
-99.654877149492824875718799666478947189232464738447455020070737652923162079643417651586224592457077275415583102739700889668540038964448569395669246180520699
1025.7861601868911565795764292673766492747247998742283802567854554727405045396189291429601282609690916606432917420541182879920493956948405941278540642670286
1529.1738172540550984747050026450971077127191643052503624000247049120704562570865577086168936380884225071201333540351364799910858530000797635287958846183681
3514.1308961819436885850493023494227658130261835271442428719682043123507003657561615816624484715593216692277693683955772095309457147695541841020709828745663
836.4958036694053732811504954070502814651769666048717779552297275725256775075682039126643982168646077164034414643332685810878541237368200985650368136214749
257.15787583358662900246762236017628299329963046957553033459245943428082212334278188225125651567517469561166056180229827847712347707424802908841758918029487
-3628.2981176664227500889463657611713353460675940028077172611966013954811645043855341290962526779418293317123768282709150122496055274910628330584752362677496
-1172.6485321730797831200698505643936198689820824536753765735948270887415074554891437285753656885605765025806071082635990911663464021986825803829010728037591
-2150.0266129010049910087719894655066665572649448638489567305833728902881224207346776856210446346507369262571305903485443800677041480166110613193866346572577
2236.7350425585141044974289833814682168624741019181849808449487503292301758633180708548097242857644044300970178450130704194975278432536367197039122964891478
