14 1
663.65420868557211479977622314090312937512464404386500604157929563116867644281309889208374119771345424395726507828101751869534633545992047052955203382375902
246.18416359167988388325876948241867569948908789680609095490455761137331160163849613223201829140617664737829200157215152741778736098029627101643447959568369
-607.61135017633282673619396568731179633797288317045368865037157346736505824839360239317612000926929614012062365879122534920654336581199975132026983969871465
2511.4495031689249358879913177119215896262698519259884476509228093420470852065484221715763868387925475764388411274178305419377621221026138264342215193755525
2788.2203015513889641398317209526323589835581091064915654622365399739118727941653894580775157084120659757580625491538170139552993442190458035766653175845419
2009.0186522960868007950279518413984329096752847234112804148276953809469501225461695013556231131589223416795726446326711330208784761248326910484059720859683
-20.025972614174822179094986362093086241808706192962582762064821443993007701981474705499459422715488905265738169379124393889451993717262000116333099541698844
-1.9086769545983996765883995581046261904864356418112786608303249488345672793026109803362513514132996712384459889580088301168067431018223903959111178986156618
12621.130467393983066345285443997064008180775387933745047542887752988140337130944598064269013622117509591976362477538562160975961355233861842863891099187291
12839.649329248348787910053303041355306975118385735292720960181024847884778673950249539737593220663747316712476868934045582414546558439531251244533623754922
8954.2166795605277798223487136984225607167208783801842027429606475527713608912880768226043561116200874709048867708965835837451308257892518815395934210027451
1875.4388864423975593084961894202036070846444778567475210441520804860433420722711655042102948423885581065679966680463555924561709067635088962346627151441993
2865.8940697938244208437000978621786670493214310824667337487359576992014111193302222244844471296840694676221512463153114741325623012907091675413128891658478
945.13471544962473867158280882336910217644631263902842113995218009585671232087011820867750790895872719166477132576597861754009392784415374811198819955339942
