65 1
246.24956744001255236064714780080869416824199284973942033707306753245985601220003845280301876406769017910508138741341152084791076186525897728542987367775685
267.54482429621151089036126717384939942782094242247991138974190691355959526237481313972925726770817546372244309912180504510844660051230257569081539970880265
-18.276594358930508240158808115421406128936970591347182348634031292504702023782632042459342951455713941728258918520584648916195442585504375545568245194783191
4.9518835046539016412849322484521472231734404392470332754613132639285105375034858247970562344435140392669523765996163486405566752281464814117638402866049539
-1.3924031120919758349478213825008382423124045135162089536064611905221351123173289604910178383917052331568482339975648335586017119068490624800524452947254126
0.40432307650165086494010579618524300473974871627694168684169200995284671171773401724006622140038991298307468685829674682937952655618838499995682519971326026
-0.76172046718875959101860939438755666149116990849349845049294524967268858454426166219630576753000480575185543663093190195042544716469961929914561954264135554
0.80498265795250615725373356960337043930710547631159012110538848255700914851447423324766720494714905615139655705697843387303063431273719045300133370825886615
-0.38749175311614380879316535708348509549395987348475429057251303379649616751330374316201864295733537347978479895184370252355038217438618831631063071409807456
-0.68780822272152363981724555896335163121720067657740619040545279894306889065604876140077526526527344065415613293837135110966597795736034908946642153721060445
-0.37056223963263920854330427221562530342336517761474465413903324555033825404883472085026413954939884662841094078247576959394421496734356631432501800764824096
0.12182986584314417890434457369393645120185103625247966168868299035272585246464545441911649663011772958204327214519726821445822102986043896920940799641784969
-0.0050038985479214448266401935527779184110938519269048086261074154021625741439563965758144782232711143151658915245918774948305020111487476711414343467095942346
-0.01299868966960667526494496539931998447041331417123916722039151085055281089677982965442522285395696227557787607842169484414667274774408041431679801495673143
0.0016433070266298283977732214766303384435573319124390485337289311579904121255825790724850034617628172706565642996633047413993448351255017379510184836279122958
-0.00035110399636229473725153246903905071285653372868416644523842167254786232376037803860484527280719496986562157433756285041771327457687862992400403567050476486
1.7881814780427660325463634717770741085737320721680154289120036105567639828759871898232367515047060489059810617999138122088481026734100929627938998472684613
-1.7367240456344489383421173430590122423582418930007425026137976695144661005404824170187550843487379698129609382798543078830311514045690609349988238387494107
0.6317366624672320984981208433337216324189319316725665223978433019235389514476354337079713127038269671615229543277484051869376235690410016129229712619394324
-0.69613795212276012343444977721377579444992692385968245057836555459209937670128554179640235417651647022462209836870404783053343757405856442643154998416343771
-0.64926719188634650527141055793607435558226788982743133325572746630187805891657209855898023245947082096674463913846718637234633896166477912674123648889141487
0.66677006386657884185524528153619150622210244199742544299929645641709042241025343456462640284181611489832686569633102265133058149271688659897394179681197814
-0.70328165631961380039249733447984967571153278237327791002583186058380940345723243554245046763737828517718328444880033581933793149094141666779140582052738538
-2.2057471765994740603362609789080634016341905803048169120302185654312781023586021527539248650613254662178831850337329518983631677070227675699817464827092625
-1.1730929683834658239336698023576347701174059210233785538652030909742458383627454130642621344263530069807101352054507682101302515616170836906789360039511228
-0.2189528962777859138089167089472943263572462119603918672353549680293892708600987840315694406713637741813953794332036594406545375940888525379419283047661726
0.1330387981805530773246670616303846972920445474323564191897313057060727344856358983415702063580244747162288510400834659578717390715862461597103921870190878
-0.034310367757300912264293220117655516187313788063603947805726233468815454217440245868918411311319213043316643819841303896221548300584205305324187621883482146
-0.0086395017205554848221077399426483968817032349162872425597576333626484054262044598224126721219464451630033588775398199646370274431183126133468659601446676986
1.6017021340217390488522183434873543500849360876369047478859334198690359686631628804757982421421567571393946746357498924341585422180618399702754958067243067
-0.28584263295937087534867060808742545623750022681732544558029313313288103961198417803631915619591428165085075387218707990987547514299991952932704169817417546
1.4654411338112208591097850548242174782888884780912681990730119577035306129200821366222004869231220818590526356173968078045230778573066281711100299527179688
1.089791373482656012992507922250586057751529852360201281056119119226902754263532015692558249932232248628511977975367918901080117424517720726498097081273646
-1.0806439301133290702265219817339083091218674632575245350946032695149246068199731146333505248953967309039796276898113028513414421105991982399661028967115485
1.6999002659250793536742352041815257154836858651569237422300518320786569246191438014213077496088060431366721602642229023184798352469885658675249931612216286
3.9339572046703223563633185078672520002368078558199217475499462494163288107389484354914713516640050765133333556155102706570280461982176929795993534731555919
2.9780833614621009975084369246581398773331282960287484600418987360656191505302549499875001992647661761232039671858243813020300835073519346752665421814696901
0.2573089739749041287547460206232530275641729219255177332708022926520283495216307403172970135408222169317296474954772344159988870707380481927202504021381982
-0.29422911622978904472723466533237532446341926121838342600328146883496514086488292791682795726016633925605329209742373119537286812004316118529065987565737855
0.16227036385692492467393064303424105441018133211034361866512663897513326899959525272006341194840907969690355827175992511850718095336574597454431822291197587
-0.2684953138634863490861928965592512964303886130390680705278124047342174386402060068593792362182540817073978757468377008423949376597966336493697034600407606
-2.0749825184722857722379575869322185025087224191748911483059788435844208594210857979341228765589212291557518867466914453184479123649528005660025562360271747
-1.2458095608530835655799620603797469703279847953971861559202634269136313238382465197557986684966547481184228974381493344748710749224584256877944895543648114
1.6305168226614973562299566477082418733192081179969165087072744872782794131028238630426497683503010240025931125852183209477655700918524193245413115390697146
-2.5524733211227713934628220364047885578380548686989583237176037309498130422146346970963601705402188695110538830747384943575856995581397702729457967788852331
-5.2325429569821981140099713215995592901517411489003862154671415359753201952800981238276507521875241030903810098994779125937457460368204249713557338834339723
-5.1534855489549928558798101390534333252228999196132597518513070421594115339608289421853908390957608552729711388134010599828661950113452910946233570127062776
0.39256314831690108733494570627207561671900372318278939633754923773691640570029740576880147328717123448344385977676231424047402156444188408227188534280710828
0.082151954837464466949225983946532780109881709759944630738437547942581012974667754261590703236154539552136804372495192697456487257717976249365439100749023674
4.9603505028415762190727267257471946523758781603244264600125489697820539645486747092775042202366461468785954104752661414705927040867241788638440621560274212
-0.85730897706082765470780017626355825744441449972156522348885104418196017933025468606611665857724416966085909660530134042422416061882884514576522386392465985
0.31350482308567830898979999333157006135260884546415011941472771268499187950447316862643577100821705505958706828625157918866349575552279175331789703934118568
0.10750962288729238924106281255837534300342532286899932739465739539749368253357654060631443651214089406666134447983899982766698577897982973424869188126394738
9.8540401819484947892319681805692532274895904357045185964593125420940630842321328054876389699277202516043083854221523145393859814932031412796005960775457046
4.5210687941392554651952372496981154219397941946820211826449001045979283740882565858285489167395379836631655285275000113876194982419003931473477358532673952
-0.0007118611587972391990368334349186431768112387549546013339651355386199906649053570281461043793935986100476866087220640870318647508856271638851825494043895164
-4.1058229229991717273464066221140778448258562281513480411404151414976790874734410629240392263539010040169734970419839974764640459481681245092822016213774123
4.4221746191750697288900783678058991455983476046344583973908112820760668761338905706763292623578448268456500034050245568800929385983457666375797092012191911
-1.9259087466252904744854623292730052122426120834543721463478026920494248028069483205749332089985973112026102846154875286108832825209024520387257295342780292
-12.446570447198522169431436871574693111418646865601696089164709934795938672957652544982966685391279640396330748494772262255677653558116618307219017983524212
-3.0352881557779832712593856782093255193663533288740151251836578625260244680622864418342011575075267704759023542802318879489545448270367295279081144657901672
-6.8314910254753912686898790324441457541705025964835884975752061920649009421001889765092050971682720502155503121723942969270683398459613209311850470898827758
6.165000434373236374929491547649443454955655438247074453164447477377531779627080534747606192980003672466330333590310066593346912796877584245901216406519799
11.632364557208968477595588076349759636141934633620661140308732942682559258045116099741664124867357942737894281975898183502228921160204223594386539787783231
-16.278856905021232235719531499182664068114906849727158731803086465605573576330627096673954736025257566908226392399319742243579347669606217402676258937469283
