25 1
167.42035683186675701997328517932893355451215907785329415009397618901394332724613808392094530960675764611911959603440589707716210548504706861867255339075108
134.90834901144547574824959623089355611668563049999952396421774259780309916138926818190435893683182182612995499623309396671869876576346222312215599607237569
80.216026619178560014674678244693887414974086801577313848405694575668839415613637441193535362965784581849876543686644687896719915597656391413061371001535195
76.188203402650268665243760730283392027083442527694421588355664074906829942567098653433943023074853719329929444885508348910574511404743681962904238397392949
44.998403561626139480307825949974511876195097921968551957798696396599399202061507035472136530935985311072118772563324657701106960571167930356547405563126076
47.806651984338479076512280229869702880787821572408460863592428016155722009691779471479366168408060882809845867526315028375296011368694246034892126250298954
33.243393931612420344757036761858465445171187228504554682442315260653175927179547942896354932858620569675702298763317446230186140925105688777153537477412223
11.687070172454543237712122771285695741176061678409705831140402149810203797328644925352909131660939362965412102385857646774041469436918202313401961537406349
18.190282991279606951462383427312796279434674036654653709571347849821691972164144969894103354111064574862407739469749150323165727744264965013463265550319877
37.345754709755063208623088092512246560117562633076637635860558067437376182095888103084044198146361005431557793529600446200005192743445685070364033450185687
-0.42566284894769194997077481215207435140897648291251185464061584786360551564245929871607039628607540347083939542121217247071376593758273997848640377689804811
17.104899616088924617351766511274826739006425150612793066299824687665455720940662165548983583126853138798088960800522560073771877803820627507183325847513283
-0.0060283760006566219282196676776177189279797321143252042582957311973487189724786823642182876056960984827497309581171787788193026369036514276992836318486098646
9.666404896223005759130569577200926459263165563018105211204269580036410536509804359496755596705267429931404370343957899758391758795436167049724588681816675
2.6018557624139204877424627744305316482709335503907382993043937742782837544013666069205869541775609529143995157559930766318656971343088686562859521273275924
-20.841225475418115457377458042000440009074817858772968272774344764250802608621828087125774518048178056954744970320396896054660083101397100522699380198633086
15.717661224359401642198357252347062543818306006320988813793824687924561686805199623322252453359107688262705668882877500922698923985096520454575945198140598
31.637908349940899756621932667652095165405529497538986944681673727154240806848201219546512469063112219859501701225029143954412152225802823876713014104426588
9.2333802506752830564230096420958090154316211159223684850323958938360454681327118543826229361795140936888447468097403345548634143517423616457786434909937816
-27.847518666406724356288904829926275575350607406258536712597832802617659018238736787370859747244852367117000991365899479306802421268533021172185896970766001
-6.0119461970978872551710033166357927864779531502910704915003382539822391638842214574818236250879267008910304685820222482995043438811589685742705288995941511
-27.404807996654578880098587379974385668986722029358471598182501876418659591296378028797346534506037035218932056672898622072117589715480707005653219663947508
-1.7987876671657357716023565791927460930515280822949310546544333046386175347030690254209129824214606748159686804233888407476620853389272456955276742808669808
5.7942285196785086073786063461894836079759964261431083058749635306210037157080226140163019279334591996734063725318567455220700110233367946389757936491578343
-8.5536708463171193951576323954577684969837380717322594839088354454684875151627988527064342795182811988308647623240894585207541346915043819581355614736155842
