10 1
14.274327439046526388940861960596554227112898397114551305757436033409925632698035688474329880178837755232628211390885299165275556700369031623037720816611597
-68.408742363197553553113238717964608681047261369779270089950505459277071353789372129284843731863177819751606635497679391905835503821552103916334876904773362
435.72335603766020999427480846391840887343777052577548592494172638040196347648676471108925952305549860397270665303757936146530798699173053975475946430114197
177.87722627579167040672659965195262516681696433037285639824221093815259900465095966617946703243554385038372452866588020529072423140402605396682537624940927
102.82429131284861229905324097192142604092430849015213204081854652463074974891002140613166163868582171677117163648359305799020715611350713386547758952682121
-43.901444057255645457047920305169688993141904111738985434813814176059945252111474870965749970334564165878019685955089566513602294180507016772324642946603171
1606.5615382845985740708601198065505192390575744251512081866264740547957206171805141825601565294841546552047153678436726959968328122511484612826687329063866
1022.1425595508270990501008569701131546603074768222985181631108555327677074006682052513045384649669317974162204199892037230394479274884085665739119868231146
493.67289567332749784233154715870667228661871884544873987164498572369962514709362430820329624342006423240637911756144842102160846210726904916457829999630204
-115.37220531481249713956572424972237710499764141962674562416430125538533640757518886684062387044950000872525363006964875779613052644225771698293672896166554
