64 1
-502.42370498154005529464792298943153130732316684257759275799204039247062232013363223468901060095400180159498903525107269893038466220935832290794755058672375
12662.33443234980196587133818492049027207211634108039249364050111495307118620557694762789442214656489430007246914690490384357382876941383708000250460447153
30872.40061098386839489300012813805133244050435169536086035093935333547067895564081495572646881913152802149982059294714549672232142693809693274566209160363
113918.95542502683642087605694374261908922019542369819042133047418980814510722566949131091331131481817388321753501760867604893987151222023711194035938128232
160715.60841316375990369598723886311976834077384209712418706036718443377630048444042493615801109401526850759002216673720506627029154522677538847307525746227
152418.59087166712532029052522125336014749647122545280950688739509194187258632521738035963907931388917013987669611056625512031598654151528238695677819035012
98631.651780650683764259991147574600292121805989354709513426755440507354363587704199802402318908554401289250382829386626637649860405905333179652202338119262
84535.69689062507165944895370811367565076816379447015814308614282516804408734163400100005823661082429293921722080730246135162262470272338276345549850975986
76096.227849387017052086023672209710601513109435886418444100410733408626675521527953922201809499784032589260874229673632965798244386819990293779906931392144
51696.887834457761607381081494315070679469307987741951415973722874310311485639640574133449826394386443761456330811926020539659391693932144054754655658473231
17182.951017555435136966634926346772290407466182973932524343033379318521042033604156793176389603618169889884007618517372436764538590091607676436875978930349
2878.9322476054554772148592227824061851669467598552559491959957877085851018699139616011631484141035560460290559203347088244836435120499913607911777981830726
853.3695309767961122576285437144294847785973546675914371297167232611526790887969422335113253718153625589769593669665462611804137152974631461593230202794463
-29.419698575570802370113369160066176173434786069745842929626430818391991485159407736305119154306106074200241710263354783047397403337264635169078228977077925
1.2841997510799852935563617527078518152366332163308571505793804569571912422201198654741491366255617885201913770904581087868279466956853155992525891110587663
99243.613150160685161250072638155159867190690784989269498546162381456628581251757604422868170435744269128799501989296989121905069329536710225075445891108899
147005.75899643668979539150508961926603870258776040178248901677242573913497784097921025496147797529186756978215750639781959453083373921276764645689565344088
477532.95414520937264284045492708427318853178003155853294976773723858362968051383474202782907899291470942649178352241074858680628948698713066021280691377502
566670.54299878303815788385178971368385121363548162077077925759341743503635317952187495010391932584517626915480163977362051281178822520383811484262226052761
607313.56858415703625943458812201993571117502387406090602491189429182115555443101875318598918355349157389396734380710761696010491030252727203632026485727936
426266.8935949570740318861251950676218055874075600560771664504143427110598697874876718940868744439923605512417641728191995827102583018007309817747691454153
368501.82015086896500597516344058528535264076816278891132752979114092257898637669305069173603042837821020213708840157476429862465986783134966579012297571314
289990.48108370912340565100956833642498688247362733675311182557842597005317262510433158873749915868953212289678606375021160858799468687993134838410841050072
204401.72779386175637706942690823727146079318390299101168211936970009369751045082609907504250579541504641197811386659434479720860426822415069317708743486095
91214.769936518130789814875601126390646148213185790006491537292703059266232270461565741459985370732369605671131137767654403293630000804417236644636409107573
25166.979302070773111325030857209560661324348051090606504123289240212522285041292669352864011713894211253968182498151481217849136272239451901374165808370656
5662.753422637170183751119822834602754314951129743418071684039526439151105741246376659386166287238410828490585050241825938784828783205047745569803849153045
676.46764688421209810652467345871050047536777077794545888210992387341887837794168879491549078706671961816118211128203168973314429671075207707823860471649471
-623273.53392839692772118384067145073570915932447614418969254834087930984440687554018553581837592541819709742741257766274270736373212427991482813328963745232
-461770.18506091083567168359468978822194505717490242099068340530135436424893864062212726921384797496673875253695836788528092053764891579724226193457148023981
-1319014.0298645249850149243641929370216373080519886386666630000100732013914898185704617915508028181934877187778179786614226758249211192326756640965963603492
-840415.09728666335812418603151473006577976208087486620434232644449846757733011451886996985245048307909699503258079102989661767669150864629016562150374608678
-913282.21159049322389205236947447361403296935440453831777436577889048426254213697069104024087595921501005892511968709934471265171020502860417633581717826921
-525377.67597057715226927232248971848157850989197803444056825727117885025906652447576414983274875655807577089405577108874260697696829508177835586384046407436
-562899.50305166207219005061640212490727463674157997924458930267518021063098431569124625802982887767332399307406697674743847114065152698062015198546022052119
-335149.23884347255425905683267360071317526985950612346388972861204360846528405580483167411465459521069370936436081046027621744448129155931200884034715160663
-162328.5617377316043161651777807324093468437136991272640859271719349887949705179386117849516481714418792489089624559159404144621828688121716770240752817174
-34285.851608731085735181428824862905947209625781808121319813079586729929119020493297184522036770081929476437429689153058503777550877914649214832914925726185
-1634.3010855211862829881880587515700439301738635599297913251937721604696150454189386098175065738616791663030839390523266269314337022144101658213599936123721
1919960.3941894954229285418542230409158774842403544345111809613157364752643720768825355680279448120347335935413346648744094607331755390021869277325690313712
528569.3455415414775954252447650892262288838391155073290747566611235249129228233574951079361199842905013589515839628402688997744719390685046934714747591465
2046112.0164236494097624013412179680738501236801315251149357231348280793828339322223478473753428822249652923282405787845923784974803710452272948510963673298
501422.75945684009427017653574338935449368010969713536668500597907277665707573409211753695379941722433554146591583276425342779859512237226750563202622612178
1088405.7783134932176278920534901541969640087426014098212893196406499446015892550026802904581823567738024840627926265217131327049233200594659683185983276737
486411.32320361724383481606807610965789346892052696259627037290893787784617155568042725369894087821296762340771203710778398881347026079946492951313232479625
557739.75532834488944405230862532169913185297558663653151376812571271356297963189774432730847410416283015012524033441519961369129053666501334131658234303891
168159.24441578860161694517224683137940031205646938185724430904456222812082168200842381377652833382090815398761221082423945812156412717298436015963433560162
43619.896233379173654339052437874838512413756297822436955097117487826847144801992076518086353280713336412632901583543094409660401395375659733050630886596606
-3441231.4674776546442424703747115162497510142954033247257854114335816247222414285896035755914571264739195005918173015838618340975318238785601866723297227047
-1171.246332431815806539891163967394999918890769500907576008688401755063332699628036769764752883088116233691955309348750115587867504953581291914959563474499
-2314683.2093380830909460851677175853354568940966937381368263010638097832380801254537903169211760369147059738685074073254489446221697919410737968460685148223
-121861.3966619896598007336875538853791378846940826244112885261244317215535728819526798819995007656472643396973847484581891423976404843223503850416703646082
-1280252.4548623118958988593509638197039797071195500139968358603472348979099893051796097692028123257607038170292934501869423234795349827827996669080173087794
-341928.68685775434230216758126049738541594644792051454831192918405793632955864099201805522042791458421530045762519488349737825674026468733121029716623948636
-313906.68589358769127353121518226196584224861145516553648891906917552217856625477395863849413575611116014258382810110560858686611487561492285388339174254708
3969795.567825330466484030711255550782039454289712058869791624640297280548459788952987145302256762253345014863840610292827646191554168212831837930394440398
-561080.1872298924239932872409186500328645866846433470657983491864923639336112708002799996646049400677852526714190448656254383712386642810906995969830950515
2483882.8056490329537600564340649230485304723759227208941052187330143655372832746832356456270286573457889044012884127356383256914358255553222722915944215566
151883.06739043863266385165426808042380678774508338496749280737430445121238905344274156518840016014656485974213064537839055121325534238542580854327492353732
1112995.1912069786360763734728623759638335191805633478391498704733846151733893899046035476032292386774814121964705819149041900646377968083421664970393538675
-3890053.6475152627587786320844554431897359846265847462498891057807268600015627713225833303217409795304528674971521853435324083685637167209659553095916133124
390748.26760494643227725356298842484245502517002032077790291847337885614747363369381637092539738345763832455699373094240974455877976526065364756758790147419
-2489010.9786542587635416973160547218971524012974651210040475475869795280505280505123765578763083483657503469975237694027621147653198138230799378106142123382
3742714.8924603724505395969034008529028180406619330040893360565807174866103607042866132961035387469273946499315233043949125507868967841830746706516525535396
