66 1
1778.8715924603644766791722353811496809172772492042825356114465573816137006688171922241887442840776958310118778212660967238825919947118025745759624051196972
246.25298823398181877439263125885304337672122610433117878702200168355692051161139062377211293839092384583526745642334111329224656117327363184845189819639519
-3124.5992103987693780940058151428753474292316276442486684624603320549920869543906987818518552002694997916093450756505436066988735813781613610398525792896298
37696.837350077512699108728958065035280416941841626153913293773618633548556838467420799535822002604318503067133049171369830161409561724625395366062187650323
95430.622349337598854278183226426948549062823840649847214314958928493381370558608469471282660485853847617605527699523814302310156346820823310104449206652823
355673.57234293268286966704893292079957187566745669422758944420205290942293532540603784005030621597894090357443555298218735247826346437853262723133139103317
628213.21330914152434546089787688061737136869899513893132283624186644058788332535577308536919121940614065136951927965107924426403466759650751487270449884006
835028.58123802897274312694352039215645062674259245065411118982699183747816609141782089029758302849220924981143082856955772144747268805568579231441803013678
816300.95011453371352040728905004066187180729423729737253423838462212919180149841307854509033166014059365370888455573222198498760847788653439272042389849217
672494.95786092933296332659787722307391059238249598813502441348076171151983355989915592216862894681208664129580404746465840147717678288504587996332499632349
399021.69563652785210150016808890172094686960813888696128103884395333816502532227594703824599032882262961779671010342061480824795863562305884772986555998873
172509.18247936707964482690906955805957130351941836464963683221294086878341687018011930554373209551063248358317654477295689358833386424534622280965593446608
51864.784821416562188167072826115262036361852029651630943601363354828961875078964431562349499948469804756559049268680539354207375389375304075713661262094615
14385.825282223473449014517601698521960261752007205037145985268858968197695522694594148423694212617044563324321803275782729833794573554605594263561579645648
2745.7721486908009459665366351272926583179160393349835900211110533753913459343507480121887919768964532661357591505312263039825564578902578282750571590630024
77.007099071002879052217452509885973015424203486728885830375439736844845647946143997145935882232403474238709762390424619676509407599870292327168151929899211
-12.348472795264327888511344264537148309892985034881841203803753635189697774090590456860719349040645764392122311422046776643436348608724446532889500315945719
298354.58639074537281197135461256857906728580825746641098332611552306889171542904531419231858278733234182635003096156079532792852707524238551055413864022118
491482.38583124118514943236356606763041606480880871762503311018162017467255366334893494292280244393044457101122003955220317113628384613109736747718935711882
1593171.0846393655386293914252847151139987289136306227556693467341852055894958688239827377657773945315596348389273635096523449142780173584037508967610854306
2394459.2103445757782840261526468939600063856603881330259334993314938927192548511408735369499660109398133608378342936952984870695638784002325995495773442834
3248590.6072734494792443731510291678412689653848921862592008708541280328820756884873327215964340922743219136602870148281371535385514821986687392547827911773
3121679.5610409689279345506327667551935537479225319084142349488734093368335540653269695228886528082768262581850047681388377642613761598071769251254297789141
2633042.0140143361324570152073250196521951471674214022377360915721969581443173244056215604252281930027085378978827850834310707874571173446012586583057747298
1639706.7045603166858087933638257846439619751304631008337081483110792842768370712248006607326421562680672943963974924314425472405984253969184732875824905569
827435.09140002927445065220810294314691532707505528079503764187050617502564583036020663038969772980732739845279834666103657619977649804457494444272913337245
292803.37471128573173375542373373548708678889551732560401489584082146706237490862205024211661136281530938903563293930773243865041272006095916146215687167973
90396.890832549417513300798851342637898774040988817275339155961156587685069252004358986997129040268773839736501529347247419550883336001746501989935957675151
20964.662686987566418282476466633154990698562636181652424541441323483512435172661641419821206507786554140377765110374653248272632005981969616036447550581304
3287.2342179400035410032031129571790617551813112002485847357084061057595845388732274343600308538523983291902443298813937297059256838093006131588542396962472
-1792215.6909312134874775282696345196842817767989950313119641743994693258118597070831138398039969683630398495960348711145357313754532466865861668091360411188
-1824185.4758382830318644239841380996422435778396336454932928682915888562487538500520610503803371558147918334439296942498247650808126809188420947856957523353
-5274547.8103755688212931740289158004297525812043624536085881109174646263823489238710918627641279532990592645257437146686117210483425138629726102964839581297
-5342111.6903443356594500919167557601596246116459039664522772835660648417327037072290378103887294515856251933353390386883083757135372981184943450751423881459
-6417339.2303428411131571390430671473472169511052619481688153849967174260842842533660347441784252026399739560489124686783952257007716349505085582818730157219
-4633665.1386729959994050884845110035792073733908930793704920483471960655187431691783226414732280442032231079475503181008303982213065601422151574666100258871
-3311885.3250868311151729125421997273871625374078532750236322680817656870135129107143506501070582121990069680898428056582145219748067906649682420992988514173
-1379592.8516966009734424987655759853474191775776728520633495471118983915410415177795223486710507846743079533841652626897828088570035768287749733611317832495
-561052.71955409706356889889675517883653574494101347301051735018687664053843666263234578103183302870879627734928888033945053423289540973739574135599297430908
-113646.96687274992396601664752269838830564677144632724938425793530484521209461379439067297053821960926028856572389185705974235394990209667117952841961106644
-29715.824932641462212663380874267490221824700473211182327836552667091989864073886656536877040874267853550466557644978856789238999743960533662196390270859055
6188993.9302609869359906712301320864295369353745588212607742060533705388712621872171194262109865675131742215904275090044316593959917311023842491590513566851
3481039.748955284423965746942448926534963896091666736884783405536204783940415478164900345480434514973321983542670338746613880774370604002484479736373652572
10336437.12612187819327140269472453777878764051733497002268995066797141278012491192906325780946969024165675130148288460410812798329867561179697259691261749
6682784.9175414925933289411159018123233884923988268299072289734839668194834400249120554773493946008854054376273311860837399403270955500117566367041278785862
8048088.467605012954832945576166840816963695028984844253986650583675611148266289334203174369121770399379667517197232031506234335000610580839841090148221132
3600548.0248294287191440569930315643015455588558708816515350057702583986881315473339143528447453110500117997448427070039995931819295909456584141662330635001
2403235.4889388065771069380013390649060076903397504192775896432689656722742778145083696026328410023130553542706230079049953802097176281322403400691354623789
439965.68658824233280376468105779092188343050026333417443954592263212382396688404522944636033246828760400352207626046388967222125521462912404895638423103815
201686.67256439277769464473408904499790081838963843543971932837160799223302017771831324304694875993465923908113805976874009300289367637510333645483942944178
-13468867.102613090754564662334776619729440896458989341287539295033910275407291931157920653176932484870828527325614908108214073508675908042796212481531785508
-4083416.1255422989126284509349908438396951498303312714410545336537005336418116990894949806023274920870796745327063613908056833797083280366475565800922311801
-14547379.049321102044727004025301848293798962300028775485647338095258971420653397344267398187800698844440958059024906057026881480579068930285592192897741617
-5007298.7261883499172810700205239499904434512562705273398020691318763080469368450722980290359367165812700624640910568738088058154778224769070150207940395529
-6965043.6674786418860748396153044324302288134636465789466530885901036605656853892036696713001086227989669516409673244057635587830277413393693036551302510908
-1228261.9468842643252470297188636158323266305117719124872323993443816989291043118851500531034270621185960983702475576051348628363930972376545086392568674793
-1030936.9078444465085517971932028697166058595383905642876252782585093354970978436621292762423388936540805901074180272031497637536060728013838466708501596454
20050702.368383571515923379783765656602450004001509114012452349981183600051781143750207659179116009922681881998055521941691425470114256997865668311191301611
2930016.1091700217720807586047790016879495461497318502048957688877634285354090796440607178665562687243984593241831071442660602810502903390341356472840239306
13976311.247177775910412636557022478779084349187493007224693342503641104711978171744404386313613822870603778478753892750813248345984663346101628525487534875
1666649.8961194221091197620363267110730383885554548496119028231833142610584740960090942608400015419183895888380535941263776991369635265681488280683624102879
3181939.8269823010713599996400442306329070244781881170800615496124229747643337376015502033307105478858851008378066174310033573592643161835059631795476127485
-19504502.602154249415252075015309424871281717402676982784160055589299012765030989843957205514094626387532560660970890798321431098613452301971913966660931052
-1211143.4260858030670533277832923205769254600882036531658512621895631170664305833556372827295067886412386724099047205549727880876466598462683480721921058492
-6550626.2316297148250591249962258048674387033687384207644201090700002663611246560456682568212296939169852502348067302063090868365341504648040879448113517301
8490364.2291111329291268681946618031302808932607873227128581008728316153055417297154430188616093641862028209833280827352181736139541679447949314284778676338
