21 1
-0.0014439808445936564084050884933281649377823826846813203466156795351832272624704996115188097720883996295592664203869235276830054530221004376172671356885154194
-254.1172165683932075535901227016583658055763925679432407670977162721382789641482507559182354927304187665856855198398459510932527337841246659490453890341477
3289.5847151345369485035786650381680128833861169218635952650947132633514891945288363693437000103368410100604653812007917561827458139000794929308683289698592
4592.364264914261578324250689504316578970681968798183421686073240277196977932734752272313238374012034743543591485096753850434759827318312259945928480356597
7194.9359049141421969953390394941927069563793224413487828123596036249440202003832091794059545249677015024145622822482261557531536457010425699457650917987057
3449.6513845525047707745672718888498657659009652151992530212420989587036981882237720066497577012146830905828875848776128549782338437754400125783527781343263
1577.4443108753848339124323144453757548658218271575448968625822689101861286949503394165209986345776369936080418346612413538768505705541709583804813440034947
-46.859984322984397067775424183479389790678502272698126987767323295433583366537136016345748099743133965785364575024551411063806549842892126899590582475054231
4.0139701229703717695921915727066097976775102515318024067118588766233731058212708633644848889727274796382946010856191845627383144666034444443562427430245338
17892.094719645809691320258693798992608179051243419765044766851717449087598401189447948201286363772814250482071750181485315913284677736018519710937000637348
19855.156506343983772123355000593374656648961695515871112050881965547432921448272474705661458473644793749391528885621388145983526425601848877000002537951678
27877.237546941495332584708427250415399053975436527546550769471435456632138923865739509184746144763414131049674936709067413420172897198674648960042145013794
16241.946708960529586862251771906960854639639428453268147886909046028463976328101723494569377412977489958652345638034625283737174187669978920550359790975721
8487.5262542411232773334026538057598413446128214622467864323462430670179886312125229977720980930192730261150642916738516522169799833763980609962942570198191
1317.209986066573318525566773108726677244639685870732035233507302064633931840108040412985742142245483394195859807806515427793772946531572230988096331559758
-24873.388672469979683175049368626974263995825617220281211940878334369270568666804596597954019769483277659128827142532804727858193260553820584974526824230365
-17814.928945742633822390794494423005705894887946529728636720297306406860671635438875017959154583140146547579252408950391756587910661358510731874346224472541
-19084.034057397557383642573935702954212744323768047777634959060991099656805370682273532794978547096755329502195640911369784833597575518729526859381234094704
-2789.8112702759957561650605675102154623063403674504216990988346070310070882011270546515673399425484604567499363218559316745372397176080636804936690675419524
10706.725087826343144454606952704880039227703812932219066351417707600362575959912762364537470709401020650161340091337950164429295976861477026739700137757688
254.47958461223521462939005257394371783274761660333760861018117099776695340395179287967093130307292899950340164357901873799673749755358391045609326803926754
