51 1
1620.8665319025894957156907960818455590988130531883374168041556928755053626273773602967420101553112074330700599467653168746743190560765010621827277359628696
246.24648032067722038872481262046534497693781530103812122747586283365258663521710424778327458725341609481180805748048822686677768162062802598979116337640924
-2715.9220185563198772045790317731119464486583954948834873559513352584020920670158921987517480037050279992624403629018520295875185532895682179402217060321652
27335.923285982899980197767856125683623545503019419817687245877473447962322738152864000024692441097058819132379554079215693727607572342667175214461962704923
63828.371279223534938566854669105352722205082475651855294836839514594494984762563462661326554773462537334492319922484989257470591428167259010699664734510271
189032.45064335806891042479877236936735212964493999752695415853076956398190299567685520301168293982626491571580510667155680419075706826196886619440768338468
278704.15670185729678354415828575361056560185615907673631095047042522425427393137077902268636695299001820897904368275174312076656486961703828484620506097298
300736.12841276164136654145004475019667818266922826415679566542616336112647549014260238369818195735833679136460775213691838408016127988712018749001239443053
201281.22643440354669543966403121365553827801120389590808652633235010421876429827418836242996237195419998538379514244745331566471712229237250277364989753856
79780.369717204499561491561006797604225376394140167186299581280418419867628413938265506456342067421869493495751782515746112783154031940602892327279963019559
3112.1293421541933858669211395656871825513377480956813798473156674596394334492354391878955334968346278505411236512198013280681943070861053611596520620889064
1228.058893473800454051226018216630175831189656222428813309469182308194215440355168102389831914578387089975236283237500480075908026441892214407499419736811
1862.1541515964348966374864233507497650736559337976607880816684445666987197120966596197765919064405811905296595978766746810875698341344485264733521238829555
-63.273492032642910108489419605083576878141774282819890195097002254371473559210309923973752433146425802525790682639587969733541709803628797583530775040739824
1.9892944049928840945327991579964572636210968967588916684253491682125124950158158000267102378031112189203781694284733318045308383076508266698526692091882419
201732.23254045028591546481272572800933742364000093479911439669919222983398257199943077696844633331812913816912501751007503661461695579807445593940694325259
309695.8358443501223688894130714746352260735760043997903070514725928663638573157688623135550565610607889502092135135216502907226330923540968173574861393146
805164.34040859248102346603148632847984718592008313542702193297278657391308605564601730445186966541470870814708011150831934028577611914234251244685020102599
1049226.9784450537368165825368232776204794439647229105345916513699918701766255632890552851927860912038207147274229189451364050277969345906932018605529896453
1156033.8442673664865212982891172555811763182317845027544899766244223568427798398098106855431427354563403770949571299275447635907234314942562049563139633551
779314.9829582592444742293619815620825033431361701724531764812184750515748868054275236172413761528619174328990149884080371451280466183466174978832714262401
407960.07637353866063456864059023509957088987407298291661780485971246373421696871654981750322688031285413532537453890944040394134619290719250386944306635011
89946.171155148811832295869137429867381700706686508986553688392774238456660082862861348457252162040252416749685380337822253398418920669221178152854871886473
20750.340351661391401684769076980108442509479185402177703008906485753902917451410688211841966000019637341014008070098656569012220231795283288273116269275494
6722.6608390518259065560487170842038607354181671175172131970871807311432446506958393041797946232492845828727947375424516970972988243372311753463493845877395
1576.7698559096378304936719253931385353427353263953083619007695941040546187069121697085111187223175708763906045475675224612149832595828280978780241099803407
-895896.48343043374489873594218808049114233763521768913035776838574675111959762143724217769489607834541775998149504249901125400899246747914713949129509262772
-897760.24088211687697674692606555716144650209999656211779675176767652312213139391352875854809500257119684303196559942064276022831456440758320983753630654147
-2051159.476218915440189387175509344596480058954495442930848037462645982659171991309067099926240324947668444772868279507373159606049985584741059950228921003
-1681706.9991580731643940417419795159169999699789803749912227054200824972139320552451205903703554065996791936645319463422456827848055551761143771433824298158
-1543796.1729414587301918034450729428460384248526016004466121087383601317192538819439536867821599062978178845873426331021798407756370863617896603524995591718
-436379.80261273877936447744574580237181815105062263967335778699916784210975874404384318124492489684542334063514027755386450600166445822121320459132107703571
-121419.89495718697629816343130617785264924518485614610663719321356133410822355979555386505274117350290676818923914700015429602925463315154627355403905268741
81212.730363280269295961950340482851526886426612999595151153684867886007265777304117807143895477874319850787375287334048482886423422739983308373003806278791
22503.194083716118091977531157600244504406259769512032731894603485461912814911457184745387670889966824385762242085925396910680551483375000021552792288691625
2492698.4798207627641223223485374621289091101373453765359535965514692684277636735450940400169217967488240178825397470397757091013926821092213079493118292314
1425896.453820712711993324093530991991579816629461203710667106077050076669808610294651479979877069200885386167752852117010913805947318146417307653625849044
3178692.7321742493585226265143969300071427266836283294937033559847231165793184961210165279593329137317288732402471387688489060046820309772835843625596644218
1201944.8689856047070523116906736374973716487349060218099566810090432867391612115139751553701011386917651284553949139570906919778974523073170011402794189412
1040909.0322970813844464617647915401219584036150331817286981680546122965819291230775417938406984106791416394634349138057833824923862079930120931261132999562
-170981.45031813915982210910813434107349603446755552254878409811482493504280118218256842718005452109489853448983023944484469770365604548774736859806850870662
-72586.537892573977184169109796987971160583490439388102260107926742786365175061754239653670635261634261304281464339509330394212657584545130855832634893158321
-4443872.0686077895115549982151830849042077108551357906630809267310030237028442119801823974699816595576812673275994371674694160239813637379409723852467214011
-1393793.2225611664734240907304525810623917362650942516411538209074081935271993591682929492573081306971357584301294208338030055271567053359961049437424138708
-2950103.0557939592321929881124553945402422593890114885597918370922839753202613830465663315899407819809338183738736639765011161081522138771326936960860037898
-239670.76770620671887925581652706638260055644587682873410195569286781861293116836022751751784531014761635688591667515288392484140867906772734681981379053179
-128925.22688446579550632373540409248321329874125138053194267675759894632821760852211318894474657766346454768288122352834575569819250101689874826948238829567
4199933.5874135576170638264187871621807182477467451093059892652394204976515107913336367334088630759153169801727097486404962914881756809064156576598053024054
694728.36866953696025326570427182781692378298322608658846213239791049440711781247784981282950322612415340588689869370372675945011269700211060691261103606182
457584.81810758281255916008664888250771675181635184779732565800870970113419266602411647036027596085779491129582914125932545955881518410635011680962959015262
-313889.64548992618017730032279482786375495495589072080032606423113047935038903412096898638694455277140003264995473205525756491922190565191915429277105471769
