18 1
-226.14039053739365307072311605765943203701853623654998574751752728013397424385757767668424025190951635836812155967089284320101495424197447337448963426415514
245.05211637350754250745312801646429108180039831229192044079409807769633550174974948572877514669963382224901808609843154056884478058746032061105822634521219
386.47290670152419346354227867836663641098316937594225282658683056753510880214121457092917302258974283095111496098882784952003908116733542298633795187624571
141.33257092978102619692204770070973534330102118493879420402163685504221876554083627907499829504624680009207779858114992049626281469841123700369385613526492
-5.6816345542597151904416907590602439895400713608003464247869476519392519935201100036043813972139000445566854132317620654980513013678858555576002041519910554
9.0939950359768491391381095146728928613067573798198068989926946467060224362414352005000311275926332453450014977178518100742950155856219360576318725419139031
-3.6289213379854102677604977680891061545621383962291278360929735313833378843465514812956682606795695936228197630545581651970328980936030051545090431856962084
5.3078716384683102105544096508519462254940601269562494405087905040004929877032983725465746602995474213872482150548189113948467696608949771268765775532949153
-3.3777451136550857643809951160840363436565217666910912409752322183848491893571766184159973043406968185628493014718567101168879587126907818731846103561092024
384.17947570160846694878616551078062670450057657240362595351309260413837897579263670078609909400763284786278223410775739760732718090081223569757983435912428
57.871338464252869504970156720660143378191050879060472068838438894351868295649734810906765514523761721921082194682473577600846093641432618373839038747685776
92.198202963272335228202936811719259705561430147881552437025011604304854941100567622045863495607754337538330568797537649385621655380151114607347355634886026
12.965464110721768494244357975918268976691432704098434688289974923209499359267642245473973514576442844656541236475769032831796655664439535505561137102957803
29.627513555844326229620509594910307807653399609873369245273794138473088270706882940665238402189989122801487910902466959551151461365685876446103606367083177
-433.51621795891111786722349237312522206613987380127424142735407409778749830627027154193316313809321749326123672105045615481749293600626267986688258523282202
-10.148404462385197629968911024557344436094956594254655816206824890089902411732021222544238460157606500219338549941432041170647573405968424385475970682790935
-62.625540433318171118312106362418891154712497811493977463285853763499206039910401131187637337565094767150619880730732819002806563280860517471321383285472016
215.6589665399945801109172228405431145944102981959749038769158576027278528105934230350141815599897047489944024914256235177078364990896130565037778920400651
