9 1
-64.098875719903991132260734632304857012578780766237202952511367783927687926547358695985915837614464176104697512542554195473377896352958940026087475209906905
408.93771352836771377263347802753565453764873935158967070144148155671533432928836191645919127277585765922530136022291770458197090608679610435989676000278123
168.44781092964447201448123006640467493371969102302854450468227484749055827053027441517318344679070868556266028977256305449031358352289940916832807396095902
95.080166937150870877148170638010715000768872302360791162526754851879452364463828841364382605320443679013440017963609740707632108763021105817797271821400834
-30.567760881270435709877087468463936731368469632568775795386068226968134948997829270008003467325019958230985469520044228991810523486320672344154889594183991
1449.518564371408040256008844360882030891951959297102939496042569722840922936756497977209776970048481587858543831202410793654378930433307250246782309604602
914.99638873272561969732261014693402207965897619642528123219891049949454159862823244485650917255410515558988176845417539017607243579565034185061448373499624
422.08009414926061584887697338198216609631029077491838311954430425797175255493757856598582614538399131772990404427764883324528338940673194438807186978802539
-76.418842141372318239209999422377535502995790543496938721509920412800839067724095594289268180828765348640620006969538336835690853810336090739563582949666357
