102 1
2100.0841322719950468705425453287888380294821166602987918249364971629627851884095987311608805443318839054702235949450474839122561406717890010444819684890654
246.24375582945219880415341159225720455037953388181027295958726818908764637352008828449331990031751784836995906775854022676836997956589192930662967501990327
-3976.6992748565121264981635494928767647352716862466500806356480243067794509020430450932687055707866998783211050009365874853692154591323278840227095041731492
64009.874013161263072622862903435323282900805804533450634956152636159103244062740853520446567935968967458028866020075769014318959633259524014257662532814411
189054.18912986290277622333118663062790884412346569303542477968099631422449083377366526336768218954224496338102885310281901034043435493194938254243180680608
930590.29426796867515907029344739426583533672700336220679317531142594745961462834675915603137572452615333642210194982677235702154229915745235353565671716897
1885577.3042988622038455831673566500177430825007694915084394678817798451245694543444950930929580771175419029147473756651334575216331291629147127710787073254
1954909.5516165333421744458557986868051084137824729768882488947404267008209575837266283401788517979156905879899314357321289649071158177784197827471340713247
-1068071.2464840443737838497503101411715005516314941991913976279358304187050345329772168447344065452039517917609185904096062080255654521576600409820876907184
-7139227.413422558491992931118249800391673955138471153393530265376339727476470869327447843863693607179168135396714940808953874242679456443464873377897836987
-13383978.630306173364481365754876064119842304113100813151343835666311655975146954998243390849610696623078123264319423119294730463013986990772534529396491798
-14537651.777208447981624966300580139583602728957693190118016821470172287970272590444353422461922505123264365128239587695567057496550853000521673329026772408
-9764683.0262907234421933436575848264793080648903207838413235765829343242548871212938430839755286183996672810742976662552610865344071228025411411478951872515
-3785495.0649195863466708407208050498711466553114850736779514941448184958122040012397558614280943320936622892551567032083963972733919610570852055211949999898
-588156.64336252058642731845525010869247022069809748520093133399542733608613165744049969917451263899891415310724971222278906719650425184653163962842963287549
145417.55415176370396117847708426199851302074162185566778980125163105744949449797405413951014008957934765512747816600022250569021727631111910603163606362162
68955.725325549641939089000353671936455738950627027542246898241875548359549725823049768400040608151408352070363924392699894826559761393760414450385450357335
9451.7407425285049486868035786309642786583423086278828415880908278745864250334685155021882917534281936484393515077897022770561116713097624777517766722900741
2092.7924657227638007603609177076218259738029919643043767960071372908243153375409576499702721097229958938299010588981718502363491746481205360605674015395197
-55.118518268691534351250551859981778392579148746864212593261727969120431678573673902677334076070170609205429462159780018947446497601390773883411843464803896
2.2454030262983270900980146926415698158056377299126696871402410388256227874551591608651821342867750913931712631018145259757734219040375626778101646596376209
573660.33638693372964213106088181867742738121608950989530666634547368642173073476107758276576637953739327937528785609860055810876871871660325303733861832915
1085524.9649332882247262973324173049147540247960415437036008872429068262261588925199970166957098647452412877794822082399932492331784261901010190083075401427
4351469.4246686951823660649901552808356861615762626646912572291797995075399468382486665550102690184778956118025304915474047135684314978249842922693627541753
6380107.3761961408987977545758935804504294260822710323215932206219724708163091534170246749274353754670287451070917611469123104197745485916135967425887155559
5160494.8813156072023814222735337230507526732651071295065516832597840773269120431045684012585965926617266129636553903269723409746177906585521012614775508203
-7543804.7348544705956913623428725855830378093557036652560455489616487858977637350362285705238689034157893671597128304082970376122807067723416253863513182059
-28375207.60200753008700969964516621386938009390337958740109761662783239790209269569732788910889940961341482991263684985757523484853397762271194226380776102
-48529916.108866076647482820921925263819515696162548498781070882078072178861314668745129972317541060019610884653013378979027405840588630273469263490620256108
-51972528.054790302028935429108372480967196112846685135042465483196996391375441191133212836564718467113394958713867830180624308618352736128528174031843269377
-37875290.68458935303334904973381512935368569807130756072372384113226753694575355708207427221727295654601790032781053672034266851265464090843547771572982005
-17811099.810952609995825729092111207883758393219648086726295489755504861475248687090865070734987973534233327455068394313974408203651486657620492175149209839
-4810065.6171616753748908936368705086957198961879844324139867097669235489346304854919728108445441702306126652597944484023523154889606731872939020486448238478
-210956.32046543558725698376519381720038412374268536100485486835359548234116412735294225819870849248349582180015283337358175472754379798204309892461979722217
299279.393090188059672577099293373159210586150823550452858445523387659501690819792222461511678319115390565435035310698592044100707231558851121127283275198
94093.725457633159073740645436538213889529522699896419920942585167125507384003765636145902554068984287400340996090849771579165378701673672582042879810880595
15608.552381172094371762304244876008970220279833139310121168897753856726609218237477481117669824465609462949384785025471633215884429003359826825261087993961
1819.6774912535853707841235537947715124263893506719627729910929114896012253916012195204691889056490503853923703325866298201979928098310563034613626144420378
-4823973.9727887782937643108834588743105714776854227344601097340221398386636059572895841743104301154687976940955402316941727804376719587255278918396479165756
-4825624.2720633893341422582871589489167563360886975918506032861072027174930552187413275718271910345154107025149498388272883428176530118181381898000435572194
-15532341.260058180759937815517504562270048350457847805830150553309187604051195908072611449853526517019708644459742499523087459751333192718619898020266026332
-6239464.9206515886042798638916425137979403085066677067785364822600914430598788507219611960824219475632527737084803355372851530347027364740395470575961871249
12868077.390768716084583613593925650203264530361997001983808499177933423374741241255290013911200637521924854542108502611908743745534240587260644947756162681
60212389.380349068208925345165328083874437537913577920839013110994843485436765858249251718959770934718352547079414186229082200227664832615335224016180881789
96131193.127248291178207665472024202263197999664446577025225698702143420749966182342256781829911323719718752516055910615255802389111456454700075840054171485
106415720.19588077543298271650408900606933428283050475102828143409043902076141781712137653824561004586635771356020729822698699141844565304723652935940678979
75554860.380754814548118937469972261045545527762608386057528836473617166425004162286216906540822619434076036503319423139352147967530929266854012135618735459
36730003.273365639485173217218673433509681065210346233833043910731943381958995138264035551003197539196465920534459195928265622769996137073191403116502028364
9669790.7112070260216825624567024164341994369962821060279143713256443348985792250757945238119266820016513776410358374863395722910721426968794341181958253822
657640.61002027961815789376295844039462623067925469643804598058472576777881900020066287814353258198848756173346444411714020738759864356102923829470053517844
-577139.89060715974305512549976967658464489398121552791551291744989581544123130871691426401896977445654761703514032338262714233072617191239612461253276041613
-126897.62611349290074171885029472281526864849639887747857986325400648295895804555386059337410034022943056317514192625806957795993229860119967849512081870737
-15173.874596449065043293905805215032498583983281706150366411943491026203739205690753145887534885085687388302242505667412374944231473162818102196402935408638
20317000.947500957235318017591006121773660432446383776591818997526948011304215037628685228775413275421612999122287065678405783239170309923943551199343357231
7090233.6785824637970426146090588250793525625625414280575220963224111128633228899785844695646083223925460788850852180920872457878972825377130373675672344204
22680066.62903801660314820448682743672332504470739562632489380555670885362668578572373047467016680946658684043590798912600260036749172607762726995207092777
-33893442.103304960876615240679744710121298520996775278645135256277170785177090897817069543797601855989707378089115843158529907493596199733140948008053289728
-80054994.826600261165667982442426590292616614478239089891706093738161363666399692530938156163210820320549707336815133442335067325676530444096812714685120703
-154470488.55968768144657527034283103019751877332881250350156121734872578072223887522361842830676821661617893674129924604937134689388877492340352532204894411
-153811037.62919864364315563261462016319663520978735857339834195240219300647897602079240586512713738186091039270313667204730222438557581189592385493049114207
-118537381.42444888839271425078863429413201524747664975977814416079807688048741582152598409785694495391758897071877776851344652030076468710494978071983883477
-52843399.022463898111123716708806750439856058652288056026635340071417462948167593522737254533063261143859684293546841104085909101770191714203132630916679569
-16261704.610816780691494739825675482238576269930325815117665548155121255715443203987903533760724519784622122336256858520362933045241980243913809990247138866
-375296.17523513229375604484285712067385445698316593585604872602342821249734934654395476619248203834706409079685829513128281172600460770677166630924660830375
452023.45320620959542545005687972213565876389596047888315808216755242165631314954705620141999619091532053496762435435985002327241486805430628883738011789746
277300.51708283161044377993478356878980535144399589493990168978506736406706067069569259089106454878877225687985346170151432850484058350893410818242835959523
-45275090.070389609581290212088073084991848503218534972497311456422840625491270302908553248608377099939037139886134510925756569194966064537713542782777927307
9543756.7516341972695106233581247972943745475738188221395065058119896079799034733142879997063602663475515100176011175904987562774882139566894831520028938964
10635499.805037317488375562896804543277661529461676083415800587605847996291582147736376809776094299360500534722848566879878042905690381670708940526031357474
137019526.11059581728743516610510535351935904197926690881451337101768526995999257599833253270276756181410871110545571350152390736679263574101893766257348232
179546372.71788162011409542329988671887760590747244096300541233650873273806962600471128263180707161265983483189578578423851029199443866666222352428924680824
221459125.03729447946685156933648421466271515191760891106102275250161391073250431499276718096264485870186236751767331076262560862206584357938218679471030616
143199195.26332028724901966690845856474030407191107488424189622471708993907837981954726195303394014365749206777066111726704253214071864756309880747008502279
77458625.6810795464361171016789591900884991435863709497542940681000953964265610338718796485022855361660821375742237315401225472399947606286743643001032023
16410776.020443155881622842380591429034407611171281468909921160016464462039797653572789013139818407142044856369014240097242100162841225167160815801373327822
2861277.9154054373475706199711681975683752350360132352597588064110269659984669629827129522344924124228699154788199759856899864402692618190793262897064149773
-1406649.4172299727728127392585959598667897029399459278334921730523635170970468866286723765705263660105596471969893067039404304746264422042857422207306074306
37195089.514023604036373206233259255412678969951461381805881628666722636514935241194075664230760259592149513716406443013047425160030989702676196671664946014
-61266872.330645010265552798057014599531059921972665100180798758630598135834999124541257006051853566287810734742609017187896486083193091942686012028682584397
-122368869.76722304000978870920344140741640693329788073587483918932932548027226466111545051806557849896794607626862938445815510376467202291439477456938077879
-249542243.0788559779600137578839036975170458951876091443310878514905471320698039905994715969500920100157817728495510055100510890763552355349032091322999569
-237140035.40819366837803736606742656634791900643038572530882984068140111446018253385392304175463173317308322096716152697402310187941965423207131030169053361
-189433459.75582312788849948779019694218008581720465865142576845499743065012986104397680976025122188678166283727902680591645745446530880800519891861017468075
-76716079.260617535319028448256238214456521216353683969848997245153104617368526261652855371685584989045081150271930370567839941130873023183427779802334221867
-25292447.904525616263119846615060927880559476197168227920709800037536579725020842426535497149772176643402882774866647530337743710970763303625292824913706175
482086.51296882722501383500911848738852835903213420560571150706901056809575895551140657527650250057609836327369640064183605855710924810286204078467637809103
76120766.625251385176278209178759057941552138351672687097847581598726710376534091997493592159916998615759486316231694232475539337957160342868360453889812285
124637598.33389633974733596612031443809286399339486324846259483627851822817079199813445448214005736261307215172968765715265498801568543888404658524441559377
272541992.66203030251335212307413266713481219166739688470680670270663298298369277474336678705554670617286350139093914315672808264064021808991374682537561985
254804490.94918071614226472186816253189838851619658442996775583677810982768157419047477014544782081031764410754927935370553810980725894585498166399316236919
195085776.02140851269344754709483551362433113641602716509587680265783966266358898649900024676796066074780820238802015152756119610493104566989693743340762067
78958875.26055165823765822555189087821777348330815617214456323329327897088225580888962031858763127417189891476940489795243747157085743646752538060806716114
18368625.165501013375767728855168776922396799343962828424286544619133555786873624188471052340737562899664816759204527563029244248137514743819679377237184136
-277995935.93586136341023303437218086098267957752478559200809196374670596168070319988311605063134611999642033016579626501404667705180685872880044451408944556
-136321604.14135201913882188246674746045513015316948143760531353795276737343895794817179289574289140035966288965057955254363384542899022680026471534622612156
-320600671.93922689253976953091964205632702720324047264703729958578479964637534569390044360983053488978902312819069259513423625724490346305252609521140740984
-121950172.61100771223312668015627980348587452797457646334161477772358047427700597743566493179825142059498759422717159565279870899372078018160726280385338491
-78423837.500641741815169282794814044078847626266436198818125947888458620910823705739336292913937231865362964477518573419317887025804897207149123191447195721
380664755.06789383884630801213288417319433559754175526439805208552415740056718576388481596668002437991719168070788948996077509457326888299331539193022680638
70611098.912219615151409576651312846218289152527279873127451352177267495141276536387447309397626127201267106705522542937383535987934993962624219590246868796
160090698.01394417583649232988155375658893817523302310998603882033221962111153964112217230364004155845362055952317602089695896055425464503218779109367062709
-196759402.80289112161090537532047241747481533299911636968599847118381890172617728372959616422522661996604201960761607359699724849295041900797686526792035514
