51 1
1620.8992178212072885460356638578458682037579891528965010686886569568412989858795991039822974815735814331722197156838567028306835943360751486641892403131631
246.24684442505074444657963976403368218546394417678113911900658792992764222706120490417053009481980400374823933760568993626895732236745097933803910759511473
-2715.7092217961490593846262803659904656303169076898970050741154344101887752551768854970529106346921180266728401338002975852375551776106855641745135012118153
27257.788742129625951563353717852344632495447115744359941833545812748427318328970558826499572614207170542919207224097662175266627055830302794522054317027976
63552.055937445247541419404903784544644600465577709127254901369407378779385818346876252131864587719764990584630130884649214427840110148527257595008542829826
187368.84218660071664323194012842110260836953064728008404794981223247104679487626877392814471492594127084115913734411960596659611833426852377078499756214537
276863.88173794798960664626310862419118117998658640332894641944695333865687331417126813932470806414490758123284262936335456062898158476192537845778275353194
302173.7423351397561520590653088059012441840168640333145245661593216681551067067923018892679128008610315014979481991838474294264899357004223190986379992457
207324.48143966540970186090852726618687844706864638686033593001129996924958177163515547394865242767712298466691639012581969217860540439325230430029897992569
84424.652420710726885638320099290221805302681880622414088925162477316280283228545189303885489830282574862177327662273097435250498093521124626985519414685197
3512.1307470289851240103950931593978832574442696472664507729305517254802742250627267447411038579426997714290232044054341528611596774343674963132376882974068
738.32349915680187989831759760010209393481113451266384122144090364087674280582781184064468790872212847817660025275775497854866591076431498013540360257465261
1630.0273564384314516398690412090325804072107649036729154495709803538375019429170252597377115938709438495349751755268027162659003755756109628206314241097306
-54.305606531561728430805881502427751609208449996765983664737573447423822611570959534467110034405530667770466883434035439717112568348038016413117917366114056
1.6272600376183031582471533402743033637381613742721686718522244692105517611511260664292815063117969887608297412473723707527113360639911209394822987513698062
200883.80320186048502359271718624456585987877396993810474508290275940734862058337899586224046348403096914614775838981879775430430008087930395721213224101872
308139.54627535289114205992254281496173637665917012778505916690369802977304893819443522597598293341855009027341279005100970892292243347157373660755209489801
798759.29904697910028883015732743226538071736404151607274937026593508257088363719101072135508677709116259909761062461218503364183475307702180187093937464999
1046619.9279634075783384569036795906730168384295728317618207452484884948099536309407096069738118810841444208546611583221084021864943752738726478831331727744
1162479.2733482986301777238480294900738064436970384411337212922669968535157610501341181194893673033909727012209279215031080642951582574805993296081682259465
797551.3232977333041243861755788194585225978254335064085784056731077968078529486207182523341809707330038018350901629761836797642938901265278214955999971494
423708.22618063941963243758759898419586459784428457467892904816380335763838187498370152002439395850089864899323846692165092787038435742101860103583932217248
93880.535536703400103667824818835857828759113104432691025041862116367890057833482128451551718497495617376942479119727365567502661276369123320557085398809366
20710.754019253257340372895747563433882737559343613152901260901844792265831077912064056276450048281323439555689309629093497290228062873225320947509444393729
5325.7016474586557529493305280096942851098767311841190211250648455474308594325507633977844902999919514194591609424487917238319796843441201904051823065217907
1419.0172939681815283643704109197526526333534310421618645082673592901891804202391920094036502525658011118514146770866467989345266063773737169537312299830224
-886802.04814410232042982664480302222789726018842428754573873301412154308685676092007588123607313113313619964165866780860801651691228734373632832502205925029
-890841.52301711283387448286151713978181646537434010506634852852465529253248212509026285271489782725895623990792333047536927888515805342427518659779461455606
-2034957.481973055501076533601879794562686262853007592389930379569581160736897014735352891532554763715898379692430148920721809074538614000911391111137875904
-1697474.2995848377317821091270245007212970318857162686614672185915488037005850725269256265102479846314569907476727083244601809183729135400180318151186779721
-1580424.1111878629319954408664111852162377128383060408217769533401989885893082516751074482268656481831685390569490190935129325747941774036916505567708212976
-465302.97329482793754285917392242142168510931055830724765945677805435427611940475378078399681431381948165854644127542252613119671837261237144417558931944555
-138268.62757429487040973901632046248986944326912109049496753913630506948338325815926073762097884150626395217462681326711040220602192317732094131413978580349
87239.228030153399130941927237463518215576570635717905029466538555982068747726031635805926435858477952302948796495869885652000784674618918532616638002615805
23110.871885846080290635974378813093083921063664763271776056488085020237159500477536485432940016175154319288282858593209213071805348354500216049175312213336
2470561.7780340022864256005242354388829251018089154238816410253640223229859975955722592810468629370398855049150403421177182912749177048685758180054524323349
1428154.6282538387229550474624722271023111637287255756437930502798456546682618445505668973897010897497392297015036948516764233341510186294415085589009483706
3203687.8100512484199376574179000413976468125780409371428517545639580233454190374222625596899159971980550982610934123487363346073843876780961572516867158827
1256824.1676612467096872312144027071391977939263783872774814364883068230043451399544402442460725266136835139173192918274559693677896910570474074571377316492
1118538.7765573067615534807279740111480116254607578442730146227927257183837098464784098293490852060950076931526746642334715753263742989733251227183709122294
-163925.23167929672651052924061261319758343431158468911103066856552192982980558430952498478285389681285190483430818838872623211868218983858610016965013281709
-62034.543343645483165442614498576127376114044482344060326414909777325424625869017332268172038345775312454499587671679092594684905260322758849691749396663489
-4470510.8522595291361879783534124783289992125578274418767835359147088840675283525642854764121796497603019513208224048359101072726667951923136486954139726743
-1430096.2697928167674460906833720529804250651954787315227352813258951817249477319604222979718349682486171506891263204568214207435834392136094383329954493826
-3088262.8859289847095191876661796935955605338120825584106566028996849132567770126370049953912692357583379788105729414852718928107010830986460676490602589756
-279808.98955576851412597949801868915971797900065975537450611751736942020907190193519371685707165200961205695926014516138447618910434079942203176673201892263
-176965.94124186430071142778428370693897397449127600134195607088278273762969670644029574326163675426128187915802594571300205857685536037995882418154288873679
4367214.2049625992313218232703287850798838010164689161632068081377119871315265571641175499732208941488635701807015822993725985321102837588606856848077554868
730555.96556587637691867220035973807436749257336637049038013483825627791228890820019581486661912980379510220176588711678814359447290917359308169801644295422
540360.55942445156593064309495905752984616704815144156956582780640234776476925558591173420175827226357837715877055899934880070561120110804656876611936035512
-401338.55722737013083331713665304837420503234063083590044417237534846528614344172812809431948261325386538708709413585146070484527846823019196663796903262434
