10 1
246.24956623340580326908357862899931316314949968994091182680655588859068513744234260604786634274995826721441332671902850864417514060703793928799761249397736
267.42964761194148826817346619072081245433616612785594691893622325544807329366315582694903339943985595064805119007784311217958487700877667079971454069570411
-16.451403133932127212413987771234187223406010863294006579931659395243991446349709708279824238208908342085302178958862843171963843880141425981442852999648823
4.9921168559092712486182497816720536092299115689541489907333621780420964510160302056790784579140953082468273447724598764599268408861097332549654516938069685
0.32048462364391511952381299337981901385171951704846106192589983763950841852331764070175272369729097732244282821169343429020189140982010127248362616260372254
-0.046226967196677768260216306436666913462064566392752339945309741059474314784386959639951406501047389702819933796664272545411172053672128903298227681149762141
7.7748852675402625189278733642833906075550476691149995887477050342927102017491790321002758990843186192834381939067687604745320374516053455401368141257066049
-0.032979173392397499843560467312566613921933538599538888971784332654292950215503424168164986670060617176585325838390958867206739881819463496514125136027396153
6.138867801016994629535946303266588433913501985309116353698165169681436720221790657129780687679077531365244531810985973310781841750489592967883668632285671
-7.0325754209331861040187285810262772831337660698287485673702468468528617093588393501300472142144184666068069528276917385078446731143574560948448519137383958
