22 1
-229.1706172515559924733797488547461413936139770262772448926443224117441596168669173044487193379936504273022884866909821331730140748196784559016167416157675
244.28581453562913644861571066729017545444872623696947113081160157184500428692762296634608178136420122061351337919780492194266418017025174074221772060789815
387.46214573996236903249808960782521349689426831075341782069765449735434970374425144120341302208690132053009864081099343551458367700438302660990865898852907
147.33219474928038845140488450625805137559955589449906974841405508046914205829686514590867058531248661291002022063211879667326672393172695931168284526789271
2.1675476514878310898054966948552024471726839353721326016735484611566463360830140022191381945690181125207817008413285090148088729060387332318066818816125155
13.601906225668425133465467203840744946212549612453416112934516731524401772816262737365706999178589928871667913102537061299600930601485230966467063837217669
9.2796935203213757639419669822221232192363816370234718195313631952022643154448558238290838753836293752260332924639440225501500140431093247914592899664213283
16.788401626555177902670327211539702597310508291515369004075854498631271778851891230647306490315997871963975838791146449119779873297313267699655334927208519
2.2275902531036963668211732792866122713310259516523874508768937767452039832674959095634325782877383447901676160134744205670674400733811584714902820698189478
-1.1740165920081533378889210262159669533646496386876972700121354756381711717810015473457151389757842790638474630733566958383255014008235440790680883875103182
415.48997380126568314453206654918231590161620524785510184223667957072876633818278462417333097976289315278828516340730278542380012211532993462093210599538975
77.136083657529987254152219215346652114460877080682480486705687821177241617549515962593500918546406326865854097080244069119071795631436528881433064572081849
128.53456636142436952218563214936524892366043106827236387772414674495369538071456573472776026328993749715972781119576283072341056434429111247075655172705439
72.897450000117773531895754962590294450783731899975137164628114851856735180160266714664903379150021175197912306351458376571361979988109007316979355225100784
66.993853354137255938527336419468355240129690161773597833509899366894600254025165791548491264082053622550577491356183515911536656571637287508187489624573083
32.003942654046833338374300856564701971879128875511050608710196088832382588606984789296112680615112690353566738157010413180090549789839757711659212450967163
-491.67868215649042677525322213623592630222868762970996988737141444656503820355402518161695219215641476105880089753938804612158035549389055564573804719353204
-29.609087738215713889607702349835504906374216159757195947272058083108302256249632841005178036277710649983815250696280247454500591582404337888252371168247218
-35.772643650422298910440969122315064514321742114403701704427570926798172877941293022788301252101099013586221206048705771718057582328318400921023689832174353
-66.045004150562792423851419309960479032023076956693972651544532383890722953861005832436302555995440620306398059396267134383511352414890918677954775163286651
164.01100265054458916814133023896292524364603031532092201924165262843576496073738436649158671251396446842884073695755153126103069587652882218949369924787161
39.377787546937600538815278394422392481923357320587418492960928874179460724784951094703567847389749895295511712346312228290010887374795657344597783351484186
