22 1
1021.1567858036835553232012663089843629901529677172586431844664276349439511213952987839483825280252817694873750343367561231279005604130926229667174071522569
245.84522415788295370999723550892021210970551137563715591485568798018491537243758773626138961401286937907072909680074970792422598622230438084794435541727631
-1306.9966934003007929677242629540116811223644362625320931960178264431964804350512581644639928492629548656609858278821721588237198062422448985993445644157192
7982.2460226187526426232924085565704228402254620798909211314215644814104789048104051222867853068675490245930817800761364623915155700787763310900341218076717
12879.23551729000705773603227949788108629629313217549503975192970753491053021956809225783451371674280808763187571754741986275856295890926669330930513264602
17396.947832479117874193840378341942649205649201166833173784466447024731175182475174799137685660632427135922596463056272561143056324009252952132791890346708
9349.7737576789482507298140841302882446032290444543865873189043550300236337813076452323879873194712656460109457713799502051936544825848092143459867145582057
3895.8884716397638369635202174334533746363267404471386645247465579334912798375273296625409951735639570120004894878907378141129162177290205110591015690178292
-71.519883461477809839705219408100346451864551848175753326377505950327618643680935391173599347635955024981111249468611932702581221576321425258470458444253269
1.4821692920413896580129062286704582900985719073866252818445101080701561711224464742354884886903353502028959992970052862553486759413643599221687321698962926
46413.791604656465823868680266787495901891225783856966768584356558775293213622148040476675575919633288013702955201769451623601084352599119628298923708818705
58292.506558163677124775755968064165299749317520909459962059308152729997658921340999951000924149716543073528351082358933243113922505380321161492333089017045
69212.987642529240198992834817873794262823720221839621339137951246738463204459582580404651358874823138777705941599136863853856074884548375552586175384128743
44825.804934593855794316109548577475262261023524494773364333632743642767122868967841908918676731626908006321512249073902973109280460925433269427950481249113
21498.554710966348128113964915064293408935578511187782948681519841972818384899579495003525090095382139573230104286981708289514526110007712818266710475259119
3468.5957862743404445609049542914562499721219262899767117339606901731437635376341851881470467108112411553996104186280873379476245683599891130785339929444326
-32571.573937822732330835513298776816488195179399760578520204657519467652884534365293755818426717489124307320969049133687832440536322376671633627952925421009
-43955.463501472339396173240284899119728455504939946240843531488353121295911614155650078727453874336946717414352691294211197393502870055235015414183608126868
-32607.532683669176911504317909350566397718374793194928333136436172769850936877058869123042149307139156468985462644363977339728005496805981819606602532535358
-3923.4785268178206128752457403303624482930244334043604502010104322208363112660756879702254824910804722439372609850849844062335460642912858145556369352893609
-20772.965696061922311865452134002480892767080786353616196812110732755525636745405951348095137908326560584058770387534282014524990850910435356027604291580703
-7909.703731383656042524584489898492579121526519865169507691635626523475981242107860838944687504575268604279297826292451177712198043172666414834418086897867
