36 1
179.71751436513132601575012855325994673166103873609225724610116722762334788265443458353384240485648450956165229521970102468496985991370178892201350352669665
152.15467611955855576508550987046234105604390213903352838866946413829987236894925788003851942658772116825267780954275437614949068067647056177551489861132071
92.858271699907102681216199557057587849912831650259532751608123709623444248902083813856061190606900609294331823413554949173300223566980922605763250181278478
86.875689677048804592297426699247474075074679412047330446397655840687372342116185034405555924307150120677608727832217574366623510254735447478676509805607809
50.44518143173687503235351391005349569619772925833283402805843205801716410544580166479566414689813151791074399024816292989914519134031790890960869889101811
63.126991904544465122385964839795472495034094649087714454561607574793179385395209242315333303988866300824356953258498168386444248112169161052456209276692127
29.182845492275731920719643688196399072064751531458711675515583495393173712218725313372029172893586472790697225027669375187254046227939128297233858256215678
34.203310227377366109878184522194733111696181189838255829071942986916852482331392756621877692557148864387276882173780589596640239246533273803383300879614696
31.525524716212013987947789505277986456843657307402285572259293922400465937807345443025310706799868600850239484916175454591581943382885132057577251407427693
1.9685326255771647610568917548685948386246287417577838000295616941625743421278030885449988966963899409405883166991503026069166902932726456032528517875436955
16.529353208888174882496050440895096894481055133452287454936366488590464828801538805158609164264366090735144358368176289877115602276811599265086214882299118
60.491840546154224047215566332151552124791762982238543204414781627821675531424446783039555213166298619343912217537216903508602531483539995428225047641891604
-6.9366711404954545216621311907498125541192939640769657847311706363177080748746020267668397046056103608145987358319441937350296984748521561637099625500183674
28.951749975115905259678522345628017199636595442994139064385217049465871809023981966238865027683809622937077343630776207248010422089759822159535664940181748
-14.44804110038925387580090080471726853228981678035034853874798220460274166258136562235296257497325218341593363615524509013783492056142845054443966321984782
13.552605656626688272295478045135940373968758071741425460248600644092354848000215250884518488625722069537665211038441840399678914817222869016088074987020196
-8.2081386170264288287636874612786282766643772426724635239685410217507663528006851591098316608870192217538321853965419862831777880563708317547190678352071914
-14.289971181722499299451398463316491087886336735122743141380589211820308099655029159721485752099438566294978811413400393474657098582479054855454308704203834
5.8427070265921194212070495618127209039632010463031781445950211348514991341200423887105874135770479054849199634774324948730156574929023687029160627257189941
-33.77202733923466526238792430552078608386758996263888529153203519799604000540658449403226813897733967217509255743505163308159535467704686763653665958494859
22.711375676223349770875757523877720819228737010546589535410133299912661316642463569505349395394720060707215843001125681114524438466814899985868001090896691
63.784141600610555358787569519141382411430541007190924655963587313087568311463606333221277089721333312199940106732137123810726098245686181868233900971938694
42.899984382222202768640664437525601086693007779227231907454104934083680489902618455389014403499842289914399582440450290580515660333479320070057280172279563
14.685726796087213877194797406988973100562077508684247446029168319160805854851515359064056880773305676268271763406904935701164120503990331207301910443901626
48.659856419688530084081261607946309265573108283384158802343942779193931081982994257122934882944959376064012095149613820404552931400406907729063525207027666
-24.893015570101715748622802100714265469737005822804753791504039477322873958810172234605814623360204816521782481084088681399831733800006488815570733616004856
-6.484507512355305513225655210349319877819478077938623483873002218327016054079856285821126365754445639760486044425432885480018464110850737994988860331414146
-147.27822649536822910860547770538761377992894688870228811358342642088039811443034955382016148947977512055677623026624289837600707995671433782763832786642083
36.348244464800352203735901033254116299253173903955434526066527827023825401163485031533298460130576528818160991372560644052058278808412794829127023726837002
-46.640659325934784648212341808347783155819164649954581970218609587585421656328119608162079503384267496663875646093955465432327108053813386052485237818227808
-55.114618787996002827787309534439854497853552144571528472103024265387151354708157506627752254687401841400637312985388213922179270200802943834636039078202499
-13.989940404885254728489228770786421179938639268502368838482840969526984756887166526602498208379461248187311806245124423001188648384836822111239323442986473
148.83895289058469038805876171470991172917038339225540147168632915663076158772291772923675511923926202346979296847186431282536282479250761712451326117587196
-13.252276655838995971401825617333372644241162441103294184860644021228142654887992199313750807637631785593486290322389977030383380796483431479539277019782686
38.118857101079705234243157015788257213960858053073830326636621043085099214271688433646626967799408587199996991910408342070330302890629500525593131977624988
-145.54430643129550909445529971916164854091141551765948125363237126840472350103978478954788917110192421227236297228527869559750689867313909716124366560435801
