13 1
246.24958133692631894745793839124090261412632907308303756217998790155584608529477672266449422683223231006717789720010084027431328825509727696431042434582926
267.49775805552481999149122659319916915211294072134404454986067910780388402455868893911711499718043194629409946968367020729967119726566719060451371378471069
-17.780889753774040458349377067451833140676346527168967464108568085296747887029514722835219598575505382108404683707025989937262867026256503802805113307749464
4.9907252873482667842399426796080055568237154687867873572794189905937813737943866432896770735392082713564549737720654561235889953152589664074928210068375938
-1.1091555977231412376243589116299033220339092498951778336030104409190776593068186297779962153908297716977080472373465506580693731674057596492462609680717765
0.049015085863305586749557205421828711274829991429611046537415347867008664130082007125711206893863931312188681793581589471503355294390566905532914356023774182
-0.029447728794852894692980169796125854812715872929184744536831535775507827052160360812515234907018214907465666409454644925373944346349877581562388200837640065
3.4640431199574448096139779135504631519192713173079609715164119215877802217849507783568071688750224596904174892672959790088679024052023558511270970237848498
-1.5748795954010836831214978930523724647805358228863618040456503790629594860880360100538770124096191194782018510866873874717085445841066082292403606467711383
1.7205249196092953766886204538336063757395796602935088544803274255108608984158872176307993407802998954962394864209449491493492254893249937937159576455005363
-1.0772127597817564747304764037636591770643128672183434968210521546682196099740683512806270442904846375195384316086102770495881196498577675901701554582902512
-1.0852865424474718009005582567048889361066205592767058857217419713672597429627341535533445537130141615475020668306963906327072442757776551913864299375218485
0.56048838444384783257318348354665561176831623683480054216699571788046502638497152073586176565601727822598639736378406331110575207395483479082275690541979899
