100 1
208.45007529791348623586253264767134090675753298107684660043305264197078682095789131883058562039066303624771566380482612914592473649877923068877113725260256
174.12551678614670149595683527171909753918473106778902992106369539526616146650166270444968615892179675876447590924851498197030938099867146942319890405956382
138.41649388795194969663944636926179292063797536128810866835028990307862969989691202364688110891397451283405208903431009947627508359354469131931874837019987
117.76019689571548706266788174892920862830425490190980537672618131752566972258107144008171616650800336182626921135068024903407919056923381791154480540104238
79.153237267925522370190819226792639069254194624535592444766212008623810628974533848079398573540187010596320661481873437058505761581952185290660562221253547
-6.0540450043350117562676579609804760419943934207246256009941299957586606058563554344251407455270997533878428846264144277055609725173996519241086888683992026
180.56230077986683624765492279304570278833143986367394397632247535519100524531085359348096451328855169062988071903514219628624909831095729480895725236357728
1467.8833308436896454711689054728582674069591997169280266982628565538315368992151614837495973588526758138713023823604329102199280486898938570992351739942242
2184.4612749853451885267372152617692185564017134878562759293144036231005588703900687901991162451376387227001051347919357510044849082137545100803439093330372
2435.3252508480257102351085029440071482161164224594029052581417301785269574969708548509497262814855554643200125529458844010848098252625367095683109251395896
2622.6471755571023236515384925077903729967686848944017196467707096349608596298750033937021908867936692418500741613500622407926495681240970350527799952030096
1575.0585061586956797459394374799827477932929173064897335470668510361201748045701447996446416031006298559914838787363030323936244434747780460739532021014708
207.43405981837525025123428512845995319673835284757350716538795402152277415433825030865872299552073795502924685701370174361330921668983967329895818030688452
1.1389907521316689433118498402241368410355146669018172941829217776792570149691645175885958461421645424444435996102034812569846204461814239755748072991628268
38.551942905614499599335781389431450077251229828154290763809445330123488464768567116593997395679232721618428610411188066861659157454674204523120800117946912
-2.347251752858757704844593961485358082710780198331759693832656646315290811748953707227715481760062097500948146088871171739997767550570950200455054521856648
22.377388164298052865370017738548195551148251396498530531971894794708480662653389987778869192366849777530884008220885428797657849532729703166429874689454627
-1.4843666568650050131048167806579127667441633047856131482849099867436825486609152786029071159647114788474696819203885091327886709363007006521259625818412171
9.3003529716038107125301337313763846390655715468203884463250113420699590181404053092795026874230414447743478922707331642369637180199209116857772661581700863
56.668444351558921866611979024127654455212158908315961278513181844868175350204055511300576263811796714650707974540723412196521825388497266364619486101474664
-14.538061645059431697111379599424276193644720714274491532405935193517083780782255604695784811119196188259623394480627196663264987985945813612659980693524539
38.447386637475783614751095064057217950301525111050393025986923362576126146622157924533432306276567514421006970149158052447798506416843677540729396405940957
-148.21456984854268619173179070433364779054358751576886890697320450395683974779125078645543400937169905663437425968836093233968634842084835941888937599924595
-37.54720442483779903089642572049377064020007279446577752639628162096835946480545868764803708789305645677824842824149404187688184612827705752504204288257158
1520.3745109005114342380825507781833326818867713923886575647147801240412219452731425807219447667971779719693363245888046831486794541392717586495056423153802
5074.2596355840819093642906074605588652399496004514510850051503609621416248165529310633349418036109401827189868791956849023214781481957373668500943289167066
8039.825851366297690377970092083139922667878833049611510032427441461417405744670512093218803054114171903975921196891577680359742252492889636681193805125085
9499.7162812429184108048934604031186268504088510722110535052397349052039451825834535808913310535110916537262354351631218058340122827458606451195740334529102
9085.1162635774640300976016982366744381334197883043682223063536334348713475973839334154503647788863364188032349857683458154313594350407849000487590206724376
5808.7726569104643484378386760751935414538589723794217446120871752312107939215571981807187847204154203548944319754810642485548988086308375634899153094845227
1878.8437668283038392509636224232273507997488767231504976679928828033720202905952418380700700993010815829687159837172710016960379413760889825413505627635869
114.50102836869543093173357209862755125529499443190687997513659352543578609825284265143726689798296316843634153896308039548092183342465052950209322043683064
1.1188562818835480453875970126117236186970795405549687496503224060348726162905069016094531825425919373445046175223639563639481517026815780831404006064847224
-37.146142453318796334779255897926094855555171569393826531246499588484572640239753443767213467744809023252269885667785584641736952733042300012763089096554871
-3.9248651945233872105005957787965211251008203350393640734404425094388217813033211547086917980515527968504190080979953630839326142951850087599864014795612882
-18.432762752129242808249980825718432088707398911733228912501839026367120172768985359945157708414496937368960078673168559016538211659060682864169880055886617
-9.6596556049661541414604356148202592103586927599707159528995811501605029258830655060873213377937483838776167130941128774379547675015438546021764764337424043
73.803423988248279038569039125127190790005097532867634764157016637094410009245885738925745587963242475758275690863759150667594507428387379784906706977498741
298.02051936240796333362905373985862341898158956043396314524771340181958671571843028594058310897733741663626786063501985425874751594201572341407093533802287
196.49743415114533080718222629107903301701726363455291303662573160136807403608602579081682879931161100580054185814960954854187165766053883559448103744847688
-3014.6003059599434044177818644245327401108804345448504383206851067320611698166486973510250143088026839207602953237198567136143266899821455202706319786287416
-10152.136623354179049053722420943051730702699383618228655986007449246747424084161266624441663141071188377986995985694377593494660019421614380404911178846363
-16067.620665014182389551474431382587742238966699704170920265785167405478944631430971577823410942329185779242854565345381829397286840629403078891010473950836
-19023.255941071325827492650103730148405738855310986481182588155074424607953663177227986502601996111203397305627613687528822492007060527353367037044240722095
-18158.836448048005954085484144606569771388558337511260620138454584018649675571369903754517082876893349094183583795238088065701196967684204660973145814940953
-11769.250377912614340295725617566253387906904138369489966214441195471541097169598853423960580004736355202645167330481117190624264390018786496963325208657039
-3726.8010946642089440135906229492284864266918360488233798566923237528761509675432701080649111982419518979022078372257339368894555332922211126875808856184856
-327.55872977757942858729280888492135030919522541150392321874452105092265232599039702621543503481970796604276374803971005696467328946213566778573073339167512
37.058383616357693463812385720259723568439916488453494640009738301400664087025225759496322635907095277355827976270207644534279674781084009024686064593668221
-10.351909211419933346900798334324427897135507230226897400803071672828806773780238748126425286456008311644927075420321357506034282084838620957198452819671856
18.201955716520025340464562695656228204506570171731150798837385163695672863992746620091067694714562451026593514793987330747051234658641332576727081126356744
-235.79553295330358441583284732649244757074928762879042111442828947506461330726288487340153370149172822345037423171003673896605798348159272058685735507173819
-260.85941907913059552525863976245747982921642661531666061519278747114062887897656064476685245768477385356275037280061928687811244751272779016589171502006886
-504.36733088837508470664198890358575914753488752912378068981025333641697097680679915484041345979877997848544816199316781743787636023444240592148586790295908
4749.8769853742166417736551089872669980704434286810824814283051168925104168286575697751897992641662430591933828152687466276867164975598427892470140507580896
15009.543516592965409005076306890564054374562083023805854465451904535432603213856592453260705777547335913909201730106526790023150078377120738135284437746467
24399.657596973516372210527471697134216903595968732669638277223636793032573478210557503455124353321771504284656133312499569997024581875059637083062100317542
28186.935420628444133867665745786591554472039611286642483837377670806970636317411999746191204252015555913131123551965726194606314142256519871676650553768777
27492.97013700366877818736743620345927761476148410576366410977155324272398983755059069395515015963780853742493015478946579045200258311348758826620237516388
17479.575919406562732545466776029845795793129225328533039062998989959382902018955508135568342795566014463153866828851223440994094184609728033530594710863263
5727.8888162716671006031540697169042871213495890970331131068379762384276171165350605872066917097546530542770780260546025552989130552218780648830131912216354
354.27402678050956234632832503410908557492112954953041731277787684634480335874446617942277063106519028330846367526236668250988837248996771018872061787997768
27.919421473504956614079768013717494377327314990008438490832395807755256741639724597642804701430244657095235644906942863759704098067484264850147014343533705
-43.388707670698025786468749184573229140970901188129854528770360855657727470967286965652549314885933617782971458873712597950932435443264545798885374860241825
1014.3460518995071239337159237045428556292483829311532885642678859542584022098638777460046117080486216518631806924490586832933146436302357109870026028048383
-141.67901569188376161572995628513787579117828734416405598274782655319377637302266613898159292146729899908278375198000206666461848112500017289072706809768237
-5209.9820890320683753755692121681885055047234681436502423279750115149847653877396321881645647224565814217201957160658685196718066742680050432056604230998169
-20685.104527313600295449206447560037533082601477792046982375533746017653299386548179343373727405510473318950229896804745767053829988415077072569772829311846
-31448.537045581007558554476052944418427535058662665561270514706767201896708212525686677070104971620822562105408357004838927034972504911020566636037141055725
-37894.996548217776858785838219228359769923660310563449589088740612505204028801866891125516890995964988658654192967544407842461335028426213657972360631388329
-35742.965736294264407473567397578047159801600764040378499930656693666676241082985365017276673478069808024010546560825841307090347240866124473462395460723947
-23424.932022987305876832165802302441554814269559435796949983116993534881149593659764123701594312875176042609856820095589930842095295536777101588528386004348
-6952.006131585120254546643975365645352813916468331957045945639002805083104422281184086738237967404599389579321329364958886943357315602633959456433709635586
-603.67209389322827955219239094547103055229783872786925013580930145563871569389550200871143245613966042296589011623771404535895156426909261995245480176823326
52.298356897134144934428213614245182884283442776162030865891450775024822052771388499284001579614748228777021031786516246490046588341420514146456735182893472
-1248.6199948694768302857033600479880885679181925598024999200642488650211842278013242687019190556761261972782136401070590348638726907662527175147908981401047
7117.1858898053729915833143186547570056646754120539652155293093296813529253776003344856556244744707040787438257121957278120544288326296068983645555680453841
23637.566406195729562369462881037927982770630401993628341687423084260135442724342134980416472473640538583880147323851446446399716557887791656908058062393879
39038.12957715689189823266141677212901244366785937094208577825191264817420036831792086577812779597457113359514434668773964537757966128209801081272103578829
45780.519881170183266977945769771543134423649921600317050358154367439795779929818303252759174256225049784512368719434360364197085783712700671845953121812626
43831.049021972783254961358676788289516629361639520759115765030098298361437898811796577679066392737170796822668690873857362428692742075567014548237520035555
27386.811747396264597559931781476159447695399810008935021064156320404288349355638287379808756650692674325426388624255374266321835735242503109752598296216267
8122.4620717657345428267491674949291212202984924005215011227482955938389517383284968549824061489028782627980776291020844879129031453851159113953647824153461
218.81578652456154775633652264896504083042489244777610258003794180108598347952410385072314227302506865687701385037152519547923805358145946064888676841465363
-13178.868892704484558761765563964157924392927904413312388896781761060913294068187998074332123450129648875113596903840571725542718462304489139539135559992772
-19231.603796583154761313508782346777483578459603355643086254837145209222129603028180205531819092901460829017610309994526324680864062847964082148860515523535
-48605.482866350706752966342384818423035298555702354581947204902586700991771802242174225654367099451185639136570714985190850409495815460326125095830808961863
-50835.281619515792170564008399377208128063684050378849017732380456137579768269162441605165219672060114477787638571736942827002528600043187621539018287777177
-50395.06961931777426994558279139305110921372109695036114499033590343041962228942046647492678213607908394749150025949211676357689767997475898608512040241206
-28105.391588897157928787309553229864988098968067152207217619956598010732340160664082027716927436232230064690888794689763274975366681401150850240501168228696
-7233.5538935178923938245927005852143094323657116652525187599197605542510404146778907371645242866469166189352681237332488175914636723210583839824005220864986
43277.871421177865182039597817776736804431130262840612498007724202262137651454699383528383607122687940517608757538634938904326284512492595889871627985685427
27810.770141055260799338005429558248896694343703485954013871723040834722065923190598234050696108908623933931138503067826387356180683402752024671892417229852
72390.503154836376745006948211438743726507727511443599579846743949918790946451270752054814692861614630404337745651907322487306668303138985674493305332193388
42896.035719257033603865574183690029117929642943079568025790490315809666145121575317314023743773059785962683608925164103717037944075856821763615449471958955
27629.916712769069248668829627410968423758978767376576006317237546366661837836601027657122471021187127034965008137744414955523241645170191693630354813305324
-80576.895632518416548492442045713515062739080625730284298848076226215352811160061786609383714237287173488505935749305492046129662142237112023828828769344795
-27760.345847144070754909597763227450092917720257809803941647406747333624690960380663183291543182912427771666706102482608775986877369940842379457956764939995
-68820.120984254066411762672293937531481367849166195934898644562829794536593919404051944422447152487072812828467968365317160290579414662588200520501581516696
88340.712153319300384097068796344078066749386721653011773341983711242601588920291292264514799861504473714976788148216058468995794717870397186277444709372907
