11 1
324.82346399916403482076577652038258786211910778939757629905898036440493932594357529999160405985883415091837353705482002962404358365782039266515928788247482
246.29885781732872474912737984283089018559972369236962436607135539176560348307123392153682480547270000606673581379485836034868641582112788117145702483768909
-123.48705998396460134707475913057424591643549994744221744136857784741533572091549833879515278133976158115856400095312388743113615479502660488121207954691705
494.37402113859044727067897516685744429939065390774300716974378553906862146843113663975745817096843520693958851794274000201406029539669541349709420291551366
239.84345569576183847994377696364278888890582641360044034254299059780033186988934336138341787427312218617986853580582015272290701604609534757360719562815932
99.441303420367345765751078200879691544358036539916149234537080603508173433523260461303726448230101739872625423656348288630115952058734629728242775427609239
-57.740068456458459895470470125883307053702971826428470469244441821191167695404897826484234134838715198876160372069762407248655908757002331999488943753926302
2299.2849558597122090623640203854004366469204715616983994158244493577135698913534408768152485033707137536361534720414377547709610584046462438197911483513666
1451.0983689179371570572018222797563453937437297858278197913108947537948066610404051619022510579189618680443929089729469365953211035507127103949882390948637
587.71065355499199090291254908448774406821389428252061110375972689761251354065128620294337124285732120687498936454020368186726485692169500175544158304928556
3.2229306294730479390763872812862042299770535940224783704787735027593373030261797642428529717400849659915695676560140742023204825089133243085477274091925385
