101 1
246.24956590639047126635524608426578061797213919295611141068034472532006712315716465834999324396266353513337567518679703261031125938406886493365083704877288
267.54569493405895855192233510925937245568298248557101303294479512234461435554205709665507617615015210906006819181179784763985232450616162090013378430594385
-18.310756783165787722299330856981425236666368192230986857324582840568920777326544335302766587017293409345321258121035669665609584141481871056823362655947348
5.0951723154914423567714025186789889527097895216315753450634604926011339514941471639516429372545777902122545393594938636329112034063633827161318677354057777
-1.678155679341409477777384027928236591081447429316206337082845168065826134655502181111410185454759920344410806319988493450854623810871441885213432955371662
0.76029464811275832164303973628713930345489010205330347674086487911912899033159475605409829618738844631225368663838126848298260262137944487310061708272768195
-1.9579840843634598693692564232331965919359798076549654286620915751732561387358616367113455535882665621102709732896987722222079472596994345769673589835247193
-1.5508665175835052629931882136284379855812982486566497198827399026419839523566746757930688063226261909849890319932705404357957879340960416463952351587301544
-2.0600123873273870033998194241515681431595294820143681025744502531314010687809607101115514024797747246523608244775395427507213194035117084552596923803764691
-0.81438014248989699834247421705419876342652312663849481302104127973761291139454065934309691479469095062513555484784273743245774011812310436388603426416980474
-1.4756639525715399605262136679219137187734718077736650593689345635507468502411011495900570842360880090790403168079514345513893069198031290064794862199316535
-4.6805575113400078204778114443343708290150131674319899207262816446728638397663992434608957321018927177166163069824146759211021883774290221183112911788444786
-2.8887425744721010360621669538147720378013039649212142453477108039439646866495829039146364803357568813888726884090875641931979087637615469182618257903052729
0.76047231628330920664691562408300459022474151605654694069655490831386744672762023203022475555858859652683429498372926755750554963921497450533347479073127292
0.065885858181964507705184005874672140708942637007062129940894969117308217009210964077366845117961345881944666099565822627163061872250334127885394559664467287
-0.20164125556123202166968192284788835183328355165257826858691651704355193958543126627834523552618123602439901939038774117524330065936022409583167261984079147
-0.010002149878991217809092666549037867275556585978941295380641275128295338978359877283933110014464727783025184553432139187295138770219608186664158709798606554
0.0016009431819731399844124568288401916289927422855827944287480042621223758456313062640836358528115627690019519529970340244782694155034490294885671558693178433
-0.0010876797521892077766572127278757412622611974699830129604592062416236654955405610977780355498582060901146778416133414775396128874789435144460995199315309511
0.00015041050780957389847454378331749392978839295617124233838994377914517997756709700974853530789716594142131775116798949464303436550441886723705018877753475148
1.9356570960483803982300018670154262559490355238265105471158075171011019359349576015793661704347528114555699671411491573316367904525825993571397206072969014
-1.8943453751167019907708098113490316778124674716484639930707636299653923151231050224762471355922029874708320253860343786461112214673340776076421332349883298
0.70146045263103147456530268853345599865583789967906214948951384332310562612870226906717420546046980695944651344743286273156009849221040082778306025615682517
-1.5607037751698674747380377003836803664303878719444484425166701994177154616048624822310023259604436622305143005917699903155137798016830723182524353121401967
-5.0393527521469624116232476276956780198631433077140922226235612955452101623355916849946880549105789089080486644264782921390872614007987227537925736097657217
-6.8119323477366051150989618746522427379367459609552557005962878166282700817869345741220747756109443688962974111090190688620974072128802342141829879078743811
-6.6582430534669937982074930515619879515707732273991028239323679412512056800883192375591626879557387731330467106634223661280275175299159069489206659109310324
-5.0930823178450296283931011195626214162811122583386935533457727351296789296846852521033239633692550807641733643260571804066534531297984141555887929348471441
-8.3788151804190149424371944359774939531827747792711217534380812330832330037879667205943525516714500305089048279647576123922010347409940496058481300144149701
-13.82240814915285167370667303920897482774843207731047223545541453839160660036640608146919492561252305173329350951083897145495327972569631582921584798573876
-9.6002964522961448880784354882830027953034806965781729926540292288500310660235096543954917518825409477901103694797181635015418203983844996378904400582123119
-1.306877499105895143673997302169057985349269508160553565205093088145423998786096665170052469814132662966077732833247207145114425923988048261422523873700842
0.64606258867520958902115145599888683176876051465945154467865241074963052123319450558483964660977277455827452948076596135507243094376877325803115637129080226
-0.30333225205772047880900938694229117145528254237452728917804608140365420975096043393925612519679956237100473409821816673900393571476311095816190664579359488
-0.23463909075275262725346209701566719672928061205688299139177600017949161760643640109813143176324556610634455379194219585559487751174417270188416899420953981
-0.0036138319657213955339103774203353200796833648462396076726356874958365547779527734577273296749394615655208419562600107258079984679000864984069772204195282364
-0.0031365859851887704276257625528952963655494195500839302410452062166542338506693083777502656932846985289531159694900218575466601708291166973902326909668189939
1.6525268369753291831121822398772217373983115995166900581540005156971680248584642487067033112293716209507238426658139425618882359911165532773123647114263804
-0.069275913497533387729502754973494052244541694101987230699056101988102379264823914117899739840783995395840977063847177242634113034018789916544661939385706566
2.9256517652581411214724636489404106618685149734343917271341792589514733595003733002741658936467551403937553175862393189370584545431349788104445505989226579
9.9499852129063858823267299898139813863320802806695710212556657499941266548053292683059790247966659897080234819324965795849420172851972094550223208075749852
14.101787476840638854548659998828228643828648253930512533416545210555040297558471148833859420459608898508346338875106606331877174960848499772854395111135836
13.537337320307607548369574071031811226227215411752021901755232519634756207886765473024658748529123492904226657176713653341810432994039852007074920751285067
10.019149620584867288783601395392479626911856997877972618509385065989115468288379499837472441856140602955817546676265480707882369075615520778802753044350053
17.34471132487609948407132623462888981395224969100134674171733862733003713752684746084081151321094384754245253850098610278583137349729915811686229158361376
27.45027397765544595872754078242132183692379838708980377093348371099846125470120272972862963504504539981723300298172058862758588665350084430204735579190932
19.430482420576633004950639611710752959708947592283817621622767507671447818577907384232744936986302497603061863637893871530304056776463991048042913310642417
2.8981649519794209447739415284472680473907802880574531285648341206527909033381586854220032486098664892759388757771007062781097486841779744901117265376973319
-1.5886166177052124604556248964531879754197622600478237355688638778839926333066755073254876726088343000246228025518765332798380504915340324648590023241707643
0.79218011972120239583242324261732985650453386840446665934902031326955888596739189114991274881330330570761747997296326908841083605690583605147275873169226535
0.49720558978352136896790065524098197842549632932951990605661380695913754045182200229850509341702845324117371696680779945712273461322919863777118994048319184
-0.008536214810061936636246135690173121495810524893901846895060162242877402263063760743783230226403280886991257672223436983743995367060738043654539646225294036
-1.1437783865589622402265782293342346617245267811098372119185347322084332443223374882829806211052607197481009026479641443182461655187531301853188731096697693
-3.9347949418903427955125006361907137177437359695766572461998993523617892019948993564943677146533899698436685644597069699870417154382938309754622864909224653
-14.665333328053007715644279710457964759727900699312733766008771763176400902590281705969004412614808042309385165383234584047802952984439015014674434282142861
-21.541697494259857549385174010430927934893169540681372949335668085987739998085893690155659890822889483816678294464141862143074475696059439990078914751732666
-20.034084251399415730027313526559405775860354641238393279504446539035652789756256930212172691239451587184368163181981581198036468900128128469913839022176929
-14.701280685483309942990860552281675564151716010358614084330360707177105428465936959966550653759935571167466896393737823481051779350549984876859799466218443
-26.749864993798247328058943511381007379954605431704858771175691125747611063159704674163047950426547632024419769248124814599922478577764527873111451650046097
-39.923070407193617668247876929388613147604457468806447692553618200168158268936512229329962533649206607498252736793741543470167899799646666111972043751220167
-30.018184877060208026113321565656286301567863700164896266346334200475558806228354495223018017765967334723791851076977604991421626668379721738851497840902306
-3.878473622221644459340631869850533858020480243554432821980489349518921918727566471017652348292835938527415040120516420903040300403466608127663616945224923
2.5901678544506456044010366259889291432018451366366911012859799763084698970163161565835169627320495130476141891147202383705853387977185500211678614406487226
-1.3530315366175379012315015462234130489597759651644296479703581301472945512016156754461841320051620893687616033090598007952984306318249525639276777987504018
-0.59027941088906964153088741387176192827068171779853534447054403735188296574660164823219746628546013006492083846542035319601322132403668094612624517112439264
11.233305938423795893793785952895536309483562275191378165360947825823781064838615225954988472866374839075868778521966623481167440776079551962979556317402358
12.252352447530854823042632799151207589410479495689561958593344856115802964649271527166211190871393630133633627311823288819481319181479012639809984973103276
35.704655734309626004751461720953553400602967038493528079311315083291235814116007138211394562621423495988557672152251871579409452211698284290424353280485458
16.789921534635656309033882438058129425311368582687564688734075156311580206462290602376505612113571974593160159448413129189957429384445341775091814275868606
27.119805926757832299648524481434627920338599967767345866281635957641400894081425344839525125854890319684058846893943007976138518446969154213607603529191255
28.215066501356020146034213797782923491682645576119161871393448351467763189648417785740226260316167549219648016979388142507719850435447165514088405785732609
56.382547361621901710703192543922483252882326959000503682105253397225274242824928246334613729690526229328052358981023556230704419718210798473173764988992408
37.195259451802159790919570055791360900418822849596759554147062607201891258712621638917182468178234816498373941865354234942100094855608521393607523093161012
5.6024448921831923011092633562438212761465576145710069393350450065863117059872719192830583492148025817676731872364957212015596459545684917313838933119847718
-4.3354158283834238410510390469057542767280544026707570961297436814109759454306277388469053465286647611105053332868436196896556868879860940251547708685689811
2.3660321895099824324409906015419248500959090439729708606114075500251669120895100558107032891365698389629010552173069867063021722248516879346236273826887416
-45.321716364098406988781315767272944657494021658924436499030505455004916204753351975464960668754274183828417927436781659889763961738415969991577570627149043
-7.8167834381850160958201016188724624718678213762899461097735882831016103589418213286664896509558167610138750263643532905266396535983279678913179737278429164
-48.587141458973638483007264295412452550359869144301813047760167550113089053225514233269449395314580665366438435526933263290243711570385474587612811464428729
-5.0943929689062293520593139141395558028945498229756391625889851761601615283534089070592955133644199329427638843452006508551009682983521742878197483803839361
-53.804048888530451146086796452109884434044876866815005392680186843623771175446338246833629682607307049796855648346582883786381910101394247481176810160663643
-51.037652130538039081101285478692761842536648415917582087415329230861216914135090877691590386649912187241660567673473536268547749478223101875513393477057677
-57.704521751060311476878241665022740203982112902153299780149564988454573012055309912327136617152529616270066228206094163724472510678154020130191386672864457
4.2596343706956662450233833682839464827000343714949211052303361465606420075078016473803975467507561163107060352811412103222872899988030302988303152431493901
-1.5428388928429708455515340243626788876976082572172373945797080590727673575222194880618091667745825725520219731495575598690120434012912658896962227942847421
63.920335154645261569026690372134412204380419155071757096462054938809027669727229834290127091294640548487544094117718936346778223335221570280098684881468887
-6.6881365269531179946705223946790498041449520750790570343052219533166328311889173717704189322628539353724135522910736798893284745662058647312465011077278973
52.496487501661702421869178279392251749434990097922465022693973352070477707040652170857011917466610477472566991941925254130437181545955943162252090347618457
11.468255412578024345724541458181795943147134848473062154288142741057891549043156418271063522927803279769879440166998975581022848874326351457788531456757359
95.279074279569194402638678968825693503905602393977418938696744720066692379594607531446989458734517072665636019162267485999380721232086287903424432598008103
38.11410291489611442544779665253173312490031861875679084748307196239145329893153616511685284077680936079707725451715222408600862671905943564506700404456222
3.7048043276005182671970548544695918479860538914145117680692765597511569495050729324815722782760002565334409850480946146848986513615303671602736669469114667
-44.832843662631224888182954795444305112662741786277313959688804559240960474201870267049370243785775367562894917247312757759211166359962735969388916356611092
11.299741553439997626839336145848276089404038419635391904345112941258934011763841553296940338433629914030555176895835418720792252581446672832801700217777548
-41.670175825438751573294493954555152965868470604436743172020622935595368656629540325622933748889682930854495390217742326701734091853695791166573129915562613
-96.299732347595241876836611450778485295155602965054803935446961012275577701191526723236514521113032348020618462702802102083236609237198644939060211742230095
-27.921561464141097267283041893131259476967155802628641810951196799597339114038042659700631391440334271084187194654434027766848569133636197861020165179517821
-34.969553772677932578689759780304464160009903379572696465587316215479405825877661269155408914387653640629728568092705911470380787104313752817574482291479139
61.285515895901699309269126967580932316727143907388455621022276082516508806997157318804526511393450744741597439690313248604554764295425954545635941192126872
87.938723071727107920714573319696602229625170089721342165313127515024302773415307069275867515336443945403057836842379179579018643187434765081237053320068637
-111.95380194288553112393462000450086505971619116164322315762930170303133359661511146572521797536344794533016992334135471772541500393041992758662873184406542
