17 1
6.1100524761404416588022483409832589220750656739655298611569001039581570225352154480161562466573924075322289568638610788218318789295780982990736791420149974
-227.09234864913704443807661688896739353532577871657101208807463317170267958338610090000491781326001655079368983838402220122473405348464893419259170674638005
2763.6280675703654740150928180297396456558626135685828653976838234428776359893310830593391746693994376281063787512665310827925963196948897987291543477943731
3509.474230755418416786443175657294019135289411222886586384842083531223746717008559734911375956579871690205802302877346063344506150840409549099058186141394
4351.0185903699529498955867411652119003434056875746709932920316580945853504302712820296193752833117124438797026593751382253947577867529407591577489159325935
1243.4541406910870601354498420746242194070035166522691992743192428019964565155379020300787319918920639098996639026618131075673864137796362608701998554030831
223.48293787871093682453111587874030614530938515965364824870544289466095216634621080856862348597369156294312699118594651845762412678732794475125995325407564
-49.276371267922828880177743698453596965176699072325913867895695499383761724566338374538425007092967980542922625599502411177941817016725107472844912634568318
14347.7010746679430763110197433219183839408791340345202604859639325343025613834791941419883484080415390210965387866565768112438765321687638213184358477174
14474.639227706709438500030081861947105619375045567320045503316309008519779141364714052530330753140838944470145918639191760293117091695452993710993945053148
16625.995474648845449999202544015795357775704080378737393068459242292589407162660069104238063297315602920244052430675330179432165178166190740028969011736624
7427.8658585182959694466793085822198333982137129957291250019305566708402181345146041966814570624526296189132263156557167788842543818705909812096696889242458
2152.7851527219703439305618909285052930055198099064107281294787622966487858973006737833906517389815470246562528911427393279225052584865101994425609674263585
-17045.148889013448430069944666443334334895630874228945137170913819432734766867775833335830042536332299763935140543220326305170385584421249102831219548388953
-11530.248641783471998398948417647860177042833034787842351097782213936159971585279714340717662011470730457502413157592617720550084824544213394866218221233921
-6940.1805623147725926213186779192941027127099112464850716327529287191356838527331868724855020121224755012074679292763731721193060558801211326172304826066852
2477.4220060566913836504967919746416637250329873564372707043015386862400634181715591353763820409722959186326704982414998822198879884749091092055547518436591
