30 1
-334.01073858474945055919190106586987972347515839743868886062582795797758853426934987279197144086092344666337898417228911495305823917329473885098580415669497
5671.1913399706443442493042900823992912872256883859893293665407854648194915722589800327325820125354927091468815608619559006021318589109711406425043022226393
10631.473236903887090361855674517359994880067443022216717178447317978771893332403959672047075887963947970632866201814749440634800190191136056243954755147672
27892.661946452299286898621741255771412726625935785092713446502123632429779053144316063054422902404067896080151622167683473289648590469450342174146232953277
30114.849922543797795751533315779431081933191160322391641148534611141494304749432803935699024462162410664759150707270404818570692624589735233133796836366353
23530.842427732115217310977718979104287881315174881851164293156916527732999278749154686236216259696899331765678299484051835036587921939387338027619277164646
7978.2469132527097495884769933808526588616413940689380081946512959447128891188113220042426083880137553811117698915152251450772868383727141959294170920894762
1923.9528022174807989657733491615996179841798269682459288116922933180126210613151078202191342137942598833579287042280180307448003685657642617795183721884106
-6.0647838957829696970364984406936828200810144250135849399585476292820469321998296812887321631115392298554641432419518986086687283799873537649198541055076959
-2.5364210190852264129503486611026075260611520282541974738930202700985598467319466485292029911801572581827387010700818080729441634068509584057978702396934799
36912.448862564555864917029347983705552012595669160623181829417257553559921197073499585565601487806596026490511497531290375620677950392069210010508692072734
47771.908329937518743209858237195097614774697174786584966220761822575323489899013070038534306312472355695699279911580143282721374097128164200879450637641368
113047.01657380463740775695993387971499017440230615231012974253103100684931782834488717163655218629094171965036172565131430172242921740597182164862009488261
107549.16107992076215674828348237017680134387833069975858378734827046284282752749642378359692489241453449036650849165766659369854904647045074089965703805771
93635.885379081149615973397971902393519117258346453784687982131785950322302186680654107510762494046872575603559448620782462722085745355096244638291011998101
39364.274474701744883741833573273963471437517294374926285882921460603081735911383055061458915680164682449074629081883467394696156367891674975188186566724006
14017.331207794912895306755516715342646224516080696983637486864434353230068694475498620601563265828944071251543635201151998195721728562076631774447565609478
1838.7974469331263472658380888459251952843280250349134010609741906550162475291730764862915404340881773322720135028393732596333642438783707689871370721547102
-135710.78492045662984543770477357601414045806966059695249302869356689788689151258994282412247477506612801217107437125227540791327189890772844798499751357963
-104072.37771217946879585524976659956049480032861655644432331009510682752535261726744023314128433369356173379175056023605985128234288254850233092066682246638
-239123.06458550757217899330466050664409544837378915443181519228886850653163995843632092686407425976111334247900359525127273496454580988462099497670000678478
-127327.06241921933111788540911081755164113490500036613075178067223328808940791770628504178038860672476678184712103749544211427065944094047086153394139922804
-88440.237641707201924827725592861834721134671368053208183465442303682798491517631481932493844127324232561251048180814020726564040783648154981880824798897933
-16731.836759076332772711187916115919429393595436595759532302128653338527855127353913898034243995759354228974014391411031826577330188489765192063549880567105
300310.04952229369818310426114100962496014647937749798196818701370528496884405251807380715787859167740426085215260068430249362681622772433885784018639993638
111783.36074756892750570306748363307677322433564321026735060260358760566136131608188272782281530184184854145220841877756283390254476918168455016694521473342
234968.59503579240454813806568497772267504117624848383078710215017773960738681735394710066374255580322670040937647098427420727421194807747520130809674339171
51170.991851062960245622457557962221454523582511441262062199022770125099926747402054802056071599326662562458545483652892893994018845584436575125105606267018
-300377.23275500502459476459695684574644419444913035330372789668680963368237023176075707944727250817777219530340763385185302868916052659927945731279275303987
-37877.894108093487658465256128577364355641648880326716211062660359565568819498406632893987760042051278830754088251000636605260376040327853911727463034211179
