20 1
161.40167163102183765450224241572254892309001509633992124746570898529806950485762407737409917980571784001876250967277447978651274271945689244528827825889987
148.66704700758278107272995594072019640981584660484562718635955738912121375739278979381526978598650020918531564801738218050407670772289387099178648795202216
56.084173513336924370501583454018984820568538022060313918046404569944607415247335876155517753924317653586446727016575724099265070370477843688978750456679828
96.144610516684525683282313334343112591806376588616689307990752324340782929197774587470104487370020531819840023951972554432729436038882727678482763358509106
12.495052598297952104373961816643127392926598565538923841148290629085970522075920729789340285227227587680035131978587355236950108713665288216937606909352978
73.674254640374306457673297140415932496934479768633752008545614380975264729275754874094465743344579639090802374641366133802213404409652909055944080369113098
-6.0329106406882523469647021551145697582369619167517730506478176870030601878414620811495989021946873512700444369895480192197353365990383626541426377987346727
29.73510652311955498217096485408363752838716602538120035667528495066288732031532938843743218416412909358551618294166605470920469215785739105611645840833115
72.337285305515740855530484560972689736331980326181390978492327161161796875200082537844372125478569448074276262959359636947170720806604803164244166135125494
-17.399275641591809438169528024764983892086843490692201780531215391397010256506810074534017826828414013132874910733918874799296722648213180477424041648243484
53.841515074326096177703755342722490442875211088378415851269970464342821301916210244378894428691244000659569088126702213361762574374926761692965949772742637
-37.971449401946873635349294398738136025454905192587242309713141215176771196156868825581551819649900005908126866382078019817345055809726999523185982312759448
40.157815649392576343702945243448492630344056325405425133263041417106030875415108942222236851633857460782474605147540922805969753096236915457179113877887149
-40.753730500047890701640195020522708542757843598747987967340181096196743668559886127902518080247845230510306322915527218290616871973560175475502042227232205
-2.8564334117840337533738239732929142573884787747020630819230286124894893796910442466872842069538208398760370576111594704656465233980841037554140721744285811
50.771229867086135966720134472628911905004602396444637933275599925968961445929090195100545541063813206354239416494294599327513401773204588870966536917327383
-16.70765650549580613922312339853204559148171701453625785793111026899642177742543591993412955806988741619264045886301059279510116640907150588206724265239551
-13.911794940348512468894069301555990905478318132192084709558859994589167880691275341365865105478315998315662580826349506439985522789342169943197425198707889
-73.262618269106799077865538572897373271426564709412196320786305134493839589982703576822387113803187184106459378510520786653958025940659168416620886660509196
18.754387863840602714149726326905604802319201939436741042382209307375988597241858368378417079286427891870140020736787773809163706970193670146204536143446635
