51 1
-255.13624224561079323301378108092704591673055193174753237798114328055861307911044146803223269976119940353803251218382729573579715363788266775535149867515128
246.13983111853819530328984637675135593527007381201466912509091881466913031918389296424448785475054424408983154930502185539303798196653927601783828394124157
394.10012101343975373199428083098425713071482332026878065278387750071080104550580165238048606208818391227821392184978680882719427040392532159189058162813196
401.06158665734662879097970985314942906520018262785378870813057918537855068269823411522449804829911753938276764135710932947999132152043404036066230424210494
459.60604813074733738548582866026262425793990996920598494012584919755129532638141364081048693511468286871119491044686361111142408438866439089758726031863464
1371.9630605762534777924427271400426748546547675025818847982432372776392904575484142531718693069309528897125421983511479410792361019029569159982267455908039
348.43239436583238108706671625049945130452958451787565302818781367571609247452112274661399980781704479219021290314254985017623300322288692248857797198249259
160.06236162704507155468682817895195777944896292379496508369613546763323101470361937068562922240728458666438481371790910939447503429541094333326993065941523
-636.41298547325924118628155340386835118258967397189763661425287392368024308448455046626687169739228468586660664435171316205562598074934423036274502444935469
-72.3894334614740805965720035096746798868773639495627818848814664904749367186689496904955128998755506129890664493263484786127534048602436670403261371500494
35.850912049621184819155387735643804437858701543453117161094758402008443433030583335440510626780636487446144925171547953623741922950790459501893162021252899
119.89425267694831338127037444236425223527922263138077385497593870773161116117590200083126446994210651023483464905812833657536174841412434178512723873676361
27.740506293779458229356908685870034575640622217568642838619022263834637191482715740662614453887954539771717434994241001644870514144053047905078695474397835
7.4879373440320032633842168357517155226721756729788427003123136183861508475446214831413664205067213080425089472115277155613383332418443640221250861696968209
-1.1761915042650607466078381125474575214747165379600579496921508371757107945371220597670594566679935804670779501535608478643047428185086106459545059416353385
2250.4591557481032047708485130493732060417487624812039530374309426905564159868140737594356899648832809879628356515511598498642913991307357507579588077580318
1369.0019628782370138372664595733899804717233795046594651219198463198361218413513908230007010033643068211207054493790823260131865233578379090770589814164451
5323.726388896794362424573220929578930516413682467176314828553794512798883748261138076786281229708667025598819416719777034587250006017296363452227428000118
948.18152231687551301946593382427076890986232377253606365486598258683108466134181625931428286733798034776837251129766470617422550613437910635884137081163886
1365.2133248643348955890191583655623552635976737941703138371138705035546548691412296836666658068675142514681122629995822477005364759771435502785934052420552
-1880.3842981876972274072881031639152973129795724146233130636293022776240410072052910392716958240249969101718719167784623076600713517000297973588318467098339
-121.54841391295204133218927147562798379466572232453059155705513834444126603277001909045633295024890677951552811665993161375635947516185877147120134001345272
-124.49381797280123651969695303489593283891463020366266366119559775234660730038310918191457418754262605520610856453950330207983475531882760562728641067670174
494.22359191125856930613705735228521781287812354592945901617564485269679409102153730838287822815180744579785095113566275584882661521089453046019152569678873
129.64535193403520962577671121776421208983351352273943698558790280935206082967988569280302037525617197123094006251418201627873784505964643487869417958361461
70.610980363344149157930813284724296582129245593913449045748028925509105644340348755218649856511568699285666553501170772932365717031355810322123762338531551
-10075.74496196581021724761623425542051676046753254787564806580846347411413758078710903277708244340836913550913737207229327803939670740200145070670035867259
-531.8790322353757600533302941282994399273003757491547555819599208089552164197544536473524337254591986352555967952219504587290479114587639270764520551625532
-9351.4207251734051840591854472314144492418909488785217007524790961888989113188427421495048601157069655746686397597242673794650165836776090641209688050369039
5569.0930459894897010615496503573810776878522142725020006754477986025686819836981728938171480219637407499512127817428449320978547378810926309330300955436951
-339.39985506456057025314142637280043798623867236740534763410744286744184595418279798151494968288316201659990708158926400185969899220642510441322422696883803
4330.4862617814445658201455263285569499100142258402447399159814245809924976593356163867368145224850226934810776892231933930403541068659005458492401272871033
-1114.9424447269687355349460720311873842313560582903244835102585788600440406174029797504166979031298671795559858710886046111199173258853112245622396097644889
222.86689124914793134796898472151690269663715877960359567546389356653509124690715483563476863827272159321971212710432742584188118225677511166054070226211861
-466.76835463155613876155512321888190571971454483856345925316295074919566036876635534613328254365728937789710459063570252213525372014949646211591794989310905
16362.907057076291167033643390493461298094442930513326993455865252612932386570621971998897688045306343593563582661812094067434621666660517433743731537766209
-5342.1881279058024649392088426932907350371936756605418106439358503829901116653051770143729849681728840764659153433875116273309497455044181951662842194759322
5670.428699576976301705023946660675532569765102681689450357087751936637425741269967193655662915541811133910892237986782195530469783453724049342638154057627
-12992.121765485102484748484405482162996668890371004632789212224147705839743427063894971264692138048548050058973651674953146779436215575754548719456403940796
238.01742539447157164818503665273173163796536716564225308543852941683698893593808288538211030185526121290393294405492416927528369568949637602651680781605745
-3335.7631640540324159251095690882164492309055288512351548938602134461989107337379836410575929366554024696894289940403849279075314614158415392269852063111653
1080.4023955614441011498959729564689809891117356411376535148308183078155505572042343045638812806162006018986518832456343914991225996281548425884473744512181
-6870.6542318786987056532110179363568889894223036578738277677008597419191089838717320712785770417706436252313042785986970950700221020739639617935412348399212
9566.1141756035739787063140626654942039328421901424931786699192426310005387684645797941419480523818150979617535776050545527515498697759074563347480503876545
5701.1364008759938940061946304952396783390075576237578554738927323788583283276420962843181558937009540921878893212148729740784215429095460806602168377517292
8561.0968351803274159495095748049441525390926579828336827583708200763424199693518616756683592984265410588314415820516793055381598985755608947392471011966443
1067.3751274221901577698837745824529762871284448428210659740311986638104400699295584978766704908443071226893130341966018132775740538976417253943234125914471
-15715.004737758870837574357825465706546874590725780089256522644189813304977945383733975935536477158346578891265183276885176391120608676102988945525007392358
-5145.2538995264321520656284251973814636924276807865425900191971928667986468949648565222176065560385872631580237518373835930520416047325140543909439634882537
-11143.242540477931388375733151203303492282941817051708756626071925574820006390396053963889122334210898452718121144469262248516840388110344390166795352176489
21535.042156223605002782615590035942902098498151044489802161722831739256631199290567414037220860618730666928044962319867223187428476549143544860858399639707
