14 1
-215.18228054098323398323991968387888563131698287741294512477463121744776694146698079496446613337931451249746758064493296413469389491754850869677630872305723
242.7555418855348888648941713118438743800033695686659639814448139082461906494204462686165240746709339589693762500078303113560847098850175434073372191651384
383.12754111314221508571031387967986385581296512354627376810879023148167347209230724130172530533272943758100368122677320216227616415936631242427689193618797
133.00852648196783002125292903223021087159219502569759923445539999356078157866546590110442006288611403878173463660061624119062855937373641536476413165299562
-14.10923412900422528467211093740713770268540176900985300255589607148745010587449323395110419627878550067642143631738447551936595477275387219347479545444933
-0.51630682583268082808068361286715246648487172759450289475199378727523216918384770170531101901294298547388514949986729281922896720644665354901226821931450489
2.0782907076463593066125266800417523972605002715288605623903544838039943169857585805235718596015054341106276691015659738432352368834886680105844093910247539
-2.4395991238344649240073721265101694693244463101836880710081653663164262071556528248848554886061898732952871148603951004736239328960465228277099456338373387
316.77399550439702796517151038758992685024094956478927460053514041498030822777678596612722403206630216213748097097755279550508005760161341888155941523400574
67.122971507205813305173057993942414253153497575574967354699532554750213944670374531690252785551243450231734740585875940324311652772926753644762083087114025
11.505422998099314371828704031031124136514024364541712488946656238164634853238135335675485182435948156035105108234196314032022161025196265312359735958425432
21.89130764338265228913715796423679358239318886961463231579417806565357210003497316961092369494066200324947914369110614809996157290801725730644532233204765
-118.65858425550114158715729048899362002570679746600988830653919134187586398034194192061798743497449600889567083644698755126672560126437821256886672294459828
-47.444602432919058905206877861496026609684627770778289881108330344980620354567940111767894275379885481359327334931405989981137421830160587629542334332774673
