49 1
-454.60703591930169755140163976840769991325243523782298350815543832146072961322440900141852362450564383796190017837171072276169944039594986479410517302513171
8856.8404282743139754142824603022284836251031138554334573189777566577892639691531494330548988498331800326256035760502869845229502054634453622369339275168089
19050.113143038498329705119760967569576439426092277977726744510201544927031368218050591733912302731709548586872555170450476180184825545678250374958553752699
46009.256351420996521713995676669531812490550653055634140043361964372325949440710054894434530619242194886051502548795638801568258154002736176213801688499382
42947.118054486205138487753013486099513876372933359169341382538036193745749935195017141660644397052359363798833211804098570181045888320598014297426601807071
32960.074807998354616713881628549789035769256612612911045294394901397106401832653362208094515984580562292435322587617332918022820310660725047783248165803516
37218.346212112106261454687589634748398492388657420810726433063251459512327852013114005231156033523620248251640401734314830236227908114049026679920011529921
28371.736457936602994734197355501345549664118119891111232262479511687683015279720633103173915630959113495160385630191788760479431081515654601089300437335095
10227.817528433067059270628761707437796681164395706316940067932462872350848895099191582364773288603951592658167107929142244788138413388789456937912962516145
3871.800043807224894439534241974784205619626461224655512479984949719913150914929482213058783496845305044903252964227330874698066157224399477158729075461231
1325.2729999399204447788314603208440745828028917157598171733206450554166051446286957838086464340349764199948332205019382899956241758986482416803523755022471
-23.454795205465462381945073160538411151676209930004074621122536994770083037988344319132189842704452703488005656972201377672813773376635394155666670665392957
-0.31256435086807697599144664704029055972966074576185124752838756570619404007128994092600326883601502348223364684798185381716235678885159804328113750972136573
62180.965023230908502542727053487515752591708069548457626946660731823114944783626603834642368372029353681261878082128934729614464840435953693086028742184205
80392.710496678350978399526637422039683083861656890772175008339269929366613072006168595046755230736911359341646222518502802264698873137907649829429744657291
174763.77004760857394889295919302351759486354455914647538070473637110699732095713078955468825679550513317982974559710078534955881014234257613937342728706182
175999.952083960323106198789482952767540308721444216874167938599771365026177526499433020823118966651682140328298444278203207135194507252048852267678914544
156113.23351184319781426414050867177349409598087001825602678678271299493237478447533433285169283955916924030503641140770770573586806669699411569598799627556
144975.52087665762508565599590999213168006290564393170578282337778962678634642050878331470930268075878083710441201215211291635851144468668146392802835730134
108355.2493245074983854020896083169494526602283960693674328916801609936044024235312433742312855040727256291183174003728394521371939449005718262734027470824
59000.845507854156425066921563280898693435090054068172299077955998390300293889045044037960844685012341515915981382266643417844800272782202020934856983361673
19417.644986393497319442075878794777268199314853879985488685781192035642132278307466582524103922807198737051313353652137100093804904532732152802106825529898
8207.43429112075223107763737217755012607289471361828217190539623492017171673207466679277624852198669989832120805132121399209769059882790912629235031352572
1152.6798468524304673440344303533596536512379300076392122430822713844848818957099939846785284292727886214174363399840152046012780955129653344205220521666245
-249522.48839693038671895892716629960815442405663588586371098362845689941928301986059143928339373095223218942372578889656287741099922900537620441487619867883
-181302.69107814198973988839045530729626405030349612632642960604994367847286242070913056207106325406909102595548045307553533152644520974637435673330597539505
-247764.8730055699265303941268035335765650767554859065589572820233887626525402877895579413855377314915793285565700014327645380174827832098364740084434627416
-230738.24537809990999667769075106784205637961306936417965712243260912049838929537362678458150397062132556756222846628450417138178945129891583888918062082937
-201708.09968095922447348716145584521618814751860865269299503478531505710261199158708677438797576915352614148046239793794559809007829878997945221890669042582
-178758.55403269113097199210736724109678754691410784333812578001450693742118413806942581024494751194377291898019077607796283575422232756065244700347066012989
-64830.646780932154915141088861045124037957030394950077191388787175526382655491735548338489379155567729910600042805103502928321087465641763745093652666274624
-29294.826828783160489867040510613397941201354225997238645065187077101198406119709522973502410463715697003083471476897449774208865354664270808265095084339764
-4146.2650410688669770734888884422648280319498386902481251189133013791863632820822518865801533881904829312241848834469653852704700493680224212193488963828202
403861.72973894528493128963785427391947865565420456456921525916882528233293697224366902220570874371544977145571677743758804187261573939881095662279338494341
176599.85877799597028819575238144529215549650570638983088982033647556030831039580644999341302064655264382748987176459056143027367825929207141638601064235131
150679.86877281849569503529046079148510199206638445274497751270756920573588960417140262228613343061054823842164956685817393787827995401454486927787272497915
266118.38269979715869911290588393494826488795828386606011997066586762187834470559957168361016533870907032952638774929318623376051034554600998058109157319556
147056.07476733641460706802781304386144847858645864901741669631403677359111033721075560489684086121996543186801546463195045419680180131406660879650787768566
81457.130085421892053513632150246982779928292772874625204094790083630886634529398286201944335652542716759565477468509173839245670152479127270247516137898261
6401.0369635644725492427121635016315708374351221404230461446381913222247674148909405571331261473722016381720520910532058627197674909609248874769089440750631
-333661.81326234109778879405921122207518883675662454848978122976952973271017939018159879875565844261484594994264145791564142103403753599299645789444915656085
-142630.23473287822519431735932688869489355581964713278710895199297146683163842112787732150131659816532970833768502712114466425134550224537173231006093059684
-93574.868057256741713929102344373335084000272160778408392099420836723946296439083149070672507385425031609697347098458222247807997206870403369907557662438075
-161311.49755438083226390651805918909102568063882069418244829338154483895734363331843730700423843164142844226461033819358117531743620421901406887031897545719
-54706.017254676261939617126779611822408262880290815269050302738629874975234619856127054542222059773138062853109945927382406535816411087130785836573667404168
220012.39956099379404364762312433432144227071272623950024046349094584943458691332531457759430873771347164362471070681405444064446810875922350927468951734917
71254.07706300615185662394281857247433210030390622983308047624867578733399663408928873586921218618262028541900614551256108893530636254943990966323092675342
51668.229800110327741051318159569707822546495964404354952708865127954186315380069095223487794368526066833794553669245904460569291768846158590916935866305301
-111259.12544231043632771278042064835273382001317302214942989818226924341000540191301910243279926909125823635400412844632183415211411732322734608679783891462
