66 1
-256.4920677780201166744891910493807462231985584503104241313101499072478493834602307644059898618306579881756838511020275947651653678604555067315678143812307
246.17369384742113929406196137266766809320710090341996136294756176516087529925220410674802711818822936319647186801527577427765015142581896918196028824876461
395.45043453308702042364788137953371015341577595189027184871987463361712271959227592298497464995266451361631253202434659422661689677335455682763140613772788
323.35731034874798722079019343093183718504602635612707258243780859934301062354265558452228069544931589393469641591927229286606770220201438222856309387618493
274.79652229500443162095834314400991486230512437433039470616300813063052415773387873156915176460953695669284419876557344171865560823430842741937184848890137
325.15195696195109287341468234902712992506906832507243033769000911550819301271631376485579351230332328554829201772259568268802535673795901410497793124440454
-465.2757589910187342453967127968463997172831661523467282627212645826124464631091416681709248442884090239852381821450817762877699720968464014467428233505379
588.17495442586572711244455236030521372322835504681471067690905419684138729589299803366390781696614714202211737494946013142485957782935746020262898907798521
1018.858432889174742131675115650585688343036756822921814922920564731399983715579034146833903028248388993183524231536409126489584376589090735468440779952768
163.60405808304476013891535353435011261074811704976862335366590561423934180868969867881992398622061780186296790050825378106160455751757289973047051015653338
-431.26786277557581137195940421216221629274348314766872145328532104185108489022100301375280884832276272289984935928906846468690504110075251362381177629370317
-165.99462440992626094866216211509933145887269241350638707376148968141797285890421356224170854260678951612479202691541852999818655957088477802545924007942168
183.05981820042678718494806740045956280688796930322601719496087342360748245123216587007989068119842423272467569109680172640827624880928839474206592442815989
54.097906926982380677640130418285716488397385283350256792085396267445349593402494214692569268885224385583160044320680639316099869768885386867859306700361974
15.165830048631442419573470655006535351973758112192948825744044593643894714121538245767775808408315050124224383168237025987877283327831129089749536258178281
-1.7055720831987694323410887988233138259669477218179511720255862304903641651554674395858533532901856979601408872013356956573946344600074276234639416179380621
0.1482848290705001817617088422276366382496365352936275859238815627661944520136873984416938893346866830187615063354566932197751757692113599573202806394163099
1587.6137074205003411451292378515622019780329507724555365848476672711455798262201929010319810386725801284710151782215132679889444316991749843861187209114514
467.99475501024730182938325753657997766342156168533906068664364429330896119206625411195219957187888382403384208829362910011052560228857221317949991200829071
1401.4993245078816894339839992385740284321166519115942224904182772670038827137750095813518942903003478500386819458958301854202314194043998622542516314686088
-323.09414901654544514408342245337371094703760024095712083057114047880926089796952129694557440318125908369509993717076346581764548762094485575944253417263297
2055.3639473690571231450408688058048414701221288542306903204920843609470234083241203253822663777349100109795553088048107314389603551631871271891106450103271
3031.9997931215225282865192991653702606911230337683850004119192673472774053545037668660194254353024129319668535848299012471733086866072950871603083318234399
772.31107322300936570890761398312138539652406231038276946890364941453297921278007088653025337684462936131763919560633084719824603466772906225735118925614994
-532.20906371927470750752496602959615123832621446606254555636176781124347683766861112054752278442421941873652287078360088686697854919063698086343147411836312
-698.08780850015742527030803048064147532287717358281603100690593471422346417388198811180788743109459367499021568451363468308427716039491632823149190952435299
378.70540398027698507559930143451401302270104872673264667281270786022558026764208648599761012299371532235019935149120953653034873200796446415388024616542757
278.97513960715880913883561189093250061521305147435214903104689256362075002408569126382073083977088729271705907811040349267165564630643096587959762690788679
105.17177574583303802902546682094213221622571214490697094479960211292736203290138688763791152108060440343111160134247871875700644333157663060363277748871993
7.258393808160495509349682487161260933941793297315955742793879122446180698732045822874195842917911205154519315583012746344826634914158308405447599103077287
-4130.4807804008830392132240114819020149743174723036363001209450970323166868387733459573143341386068858094625678573555131112880323485979013405798759495907269
1447.3185533581827612202049369674954036163790485972516174288163816795988249336260485780696539708359022239435537060118880050703274164508211908705416800239854
109.9247019766169616659280463524930794641407116262485333606003118799580188263795551733218325458099997861169258689640765221126898396798475598598905211241507
-2845.8566830963414534315965853537183181032451263842293242255689626930089501974640043475444017332678627108082618299526795891972246693458365071144896347662139
-3834.2293147310625054154507973061874723537064608763719713112812956027474723086045864914483453936699436915861889504840768782140229404109870264204634274713221
-2330.5690638069195449421914919613483351480049560100423404138866576176861756798147646950490841171229678839412512427358097892084558547824589422179751553959487
3111.5413267099332162106200196374452188201032432765485837945587112696631861986548209904348058102566139151328895084864378360504909796859914037200054016952268
1168.7851978853498920423884778750599672857368945364116314157302532190931120215797771016340346241298703935933715782906552350028231390998705068564174894971149
-246.82243381138095265362581833137356270184197062233105837745352514261430648435148781337393015870709780934965215701122038792131329780410864709097754072865938
-442.50237929931290356682295008562867154893811874365019924834505791554196955285568427082667266614438701535550142372908509925468687178607777387382342855510725
-156.95497005612323275297104678546198018623830122617988364262867691042984811248076486486187509672589254722295376631564994054428236201115523277996126053797169
-2034.9359724430141930580756500060468798682337862876106281679560524018368230200401192931208043078253649524387671214382274891905992051764698334384505905964645
-915.40815491699735269680037029963194682983088645061100287792096718210807089443009259249294112285577485998948649459113065238162884397864476812320957656319763
-297.98935991982776981587607082406136780593387813793162983151446706589068572210070934638892277071928349562164046923164747979417489241388606858965555893418663
7907.0427859166306783375766235051009673152944457509972590528086718839989939498129448600159400024079742813356644636019533755283825310852374012900398173162553
-750.05914536148734247235224294419482765640588097451149567475943795731049515703625885123552026740539314341373450177017450695285668775509073616442857623409174
-4158.4780246028131252641717164767654069947612487589261437517177851359826464680983523399525609061849987083340308752193284728138079964886387063993001563301014
-2238.9332697320939970690078951747558868850336902017632465228425455827651956295489897884685626337929983690706193892920331253340566385680133260587456753331701
-798.59412759255447921754082088888443655864915209133222157140035546532584448773582879591212311382811987071496414102240089024564261812023891862619032464767349
1157.1414356480288653946286769037762133075054211631542375926875939128362703988774083680986104026248306299737932417196196734136565157455854636746298495465787
10738.853835258174239820963619680877675496862245485992927935816800376089584426061317849652880728087913899613822722187866120718812407064004690694293555917996
-6480.5556208787428718338349313335023171693539125830190725738863721545590125623545107903798734665939242063024340515581017731781195159097454931372858064131874
-3950.4272800573658319524459833996467559110613399415084814454568478544777612026909882239607443241955791308446321002143262491587663145846118080819910274903855
1578.2775069926726402712554524425685037020652790597927614031647494626364696365425001462260318816225376835611428226498431816645903496420448281183035260024146
3393.5231370739677193833410550098250779087690742460657210145366517075546261978166364297119008043344675831575550433638311109883802112483319889380902798841372
7671.9736348281390708814756425637151799934678157625024869845925600439976502477405839696101417074695217317013909469958069851936305135709223043309453915271129
-1892.5771048398924606670158566352637079571039799031132419773246762830252908923112385520837946971606976541351454545460765981705337168794753528650905204609106
-199.08926359825574064697905128681215125878479782874977386711679557043021056209244357517072178970997817559081190792382418818043042494715090563899454669308313
4920.0273003603333396799607334079921402857575628901190211096528499661711679720409668791403082448917589169769429692097093177528185137603734501963488851930572
2677.7216177198573242653170431548052387933531589278611740825075446007069191513355695825436201984003603364792794333126143699112644531919337878799552426151826
-13396.098148674898083943667063777069763147309694909331682452564327196522716831872864576190984368160691084553452115147951938872393240650116594717293010605756
-2668.8206861273366587077713507851635301967051476693364463214513646644682969655642843650696033391780695747133637606781063847338522698637364824252177816025967
-6400.1797789928688481871727509828154286079695830038300182621653858262296914825186647582003368594285733157041630059422891956716624691192413587006276518270602
3976.0717119085375141713066677872135632048607581579050294409351693147343532924049902249646843821254556368368357008408952406270885355008343898586220579066929
12684.816826805814499810466109877448059654119968706443254413764340731327079829035125394559725853651840734264395745716298252864121383204816833899186290381869
-19848.662387644591944761171674498987961672610743795350125350832896921349252856118402274794056699815013502258495526614863096390830338321826647342096216941712
