18 1
837.5326120617221656968061903037293301707348645987669745919754073288400172363103498331435357355660426636342175377835817502703881897193045991854057723689749
246.26706671691607354443357948607163408092753077026061347310163614385256300039084297681372985912301992920338207823427272202520974623053384162068980217931645
-937.001106643712840547429253931240863790880454177393108567641379026893917044841980747268898278331162425595712437486480009109917312010331478590059273816185
4825.4273823068320454177198219249546867010554110002665514714034240514584391624257060055180321496299562793631830903540405994744809254288307493072488872637794
6335.8714466484157452663785450453809454768646948550768564456161553490451452883337736838892037938711867750852174394591544945344369280160977644556911257054748
6052.9603863290162195893226382606369757211755023290216157062186709850555604620767435054386698754826521908644745817673218004182306159381826489521812990357212
1211.9213726101016421730870345815269979402604830242409378525923910687320386632118421758784407501556588949160097535536520831233864484756161555943414423161826
213.56773448745457795705025907093535731455442968741794655655374121902871529657733128320613321525734723095940465355127520923188326751236514576587985185703442
-44.266993382672146853523266456573544377058682389380242886911429327069275598741929680915377867208677430335514330943017281803442167577455538452323775147126311
25728.050652155347936918186071248092878842855983456173941414476356640773794396636084334945653358339117130543297489798677413718160355763549031528106866313104
27433.626166736485001871442392158181920847015962788354653615215308424434943188080796675704694180222288223146166861705305100039127135334672474306676435154866
24604.503106027326061356267100962888989985336247804431662569756877053839844150948914113411431519038180749486358795172236586046748020383846071440528310421248
8933.166153818368907234296657870374756287135103132282594278823151836026359739882044276645191574101727653381597658734322822062847358513276825195601396510368
2129.4599489336398197544466390098250022796288171104488760860890918702470223358450465896268573914578838218786644575345883984252351041349595105929535032009076
-10526.483272594010365369322246278322689433216125134544865765563941674967976406976678945386936303763016816758060914935356158061723456085735152647237117572663
-9831.4861070670508655384487144140826050813067445781615562692111378776918071371646149351340622106231208442813660688260874024471599350733970657071402065645362
-7203.8588116943788086716503755021848009584274603851604256664490983214678825402830030061699944186403584620321767102693327214605518724572628653365435308179689
2827.2591955720630597145915446977153160894064509128206442127088081364167543980354935534348082349068685015575147262731585146627400606991011426020977705259524
