82 1
0.13470142590388443806905767203991168510867015748435886923452340148154837240890335076834523947416634558230526627332306264744609934974576490423529213100394733
-530.45245159804502523933855795614818760947502812437857217586881457712446566651617540727081402228563098261878038854169226694858544253540418577842164377309907
16792.775404043970495728809721173813579966051920898832901195968701211971793504392093450283016041515317920854874432953249294461536955604019327317550076191744
44896.890052398128136859939763990431753477692658045498259865443048471393221754528253177575224213342069197900559273027577700256694920707264720029445015949924
205084.00717428071670649235384981991485885198760945008333937749084694557411136359331759001976329896514265045179607261593291099758377445593454870820825860103
312163.17287763589279697781569611773222597518722390563904098885822395346744182286149478767090950629864416864526194231119172245813125965172044290418171266615
198311.30416947517475394999275610969301885836476853130159351065645470394059473141106847874081168199465613751316562348295524681061391255499897621571127959571
-234758.80220350182541947467709786551539384050136220790046714705866792269737807186985015367721227227264988767399360202156931805363082740306119575855091823292
-488528.85482160322923521017542509725992215813547327331558479374561770614456306835161659867904035069534997531749963107197889328396149426376207372974482122126
-363436.29339419584779110591511350154067301995121301989113176718496935472043993273772621351560420269535677977571215044544815474709725629352955979530987051295
-71099.368474614879853534673451483550703432289463147879721171867872432204990983172082250857398029424481674756209977114730344737767138624206155797447800816764
45380.328109284997915105295476629693918998117250063868786598205427424665988438565192535897264020887636638291251545804718239411283795167268361459085389260353
35832.818777426377936908595551210032826332882843997076703649711851635749035948350537853872585448033805318191899900855139723998402298493887723458440007903464
12628.007580194946078154701368745684471017628393161887538721336261050007210198513497792136279047792877909836558642288319906827953636368365778776063742126025
4992.0425230996128047485034659035043560493324395179576927995962061328425878922750135544420886080113384106486926315174094652969950793220565226678515446866203
1183.1976154658024378782389939049125313800243758168484486628681565882893810438856211623634693989399331086643410624067472416706686359318515349843732396264399
65.076299082192531770576925864943456465679214343361814732746075224979803439092955480606489701789528366762707716260191612471907970610471526425035491030265144
-8.3217129418145499040188156810027864701598781719130942330305123028775401085083695877126244385857900275429617290457941424933269183929285357351137598297206028
142709.66454881535111544313032122516155068956594148548116612909504937733121993720753499208941644432813010348841745230698115031567469103930861811771284767451
232113.7321726971966625500918100255224009936094990221619617207228202430289203409743080109519989877963662550630989792630183694041828952179605152358345708626
878521.77242221425340117547365768090262850073382959277207828734620569713724860311389478846464604060884052228645291891386829216137313466103645030252396740249
947967.49342856897036024796662587989278146256860311372166601780381149696187095761210523822811781277464481325680493250160559732169317400522332352426567784088
582020.10260312897402707213147383704130457821098592280199726792735062966740964870050079469159327872176526598922897671504091863431213588509061717148737565549
-819558.90623229072884751857413848730715737348781176638483614997206861988594779894912405484817149328286663074903926319455958334424149025411390222915428899654
-1496796.2787611820850777615280555121911628682582628818524980090341318555975902205012589788879214275282610704368465081974452334061547385146973435413480824792
-1315086.9776659243945445562400035006991276285358861951222033794525168552422882486259223230684222946847767596253165476658030342248446623081530220646909721808
-422165.33528198552759468633304035699360187206419402320341951202888985575279635857503411754865976732911909888553985533726439109191997317749739620267789092422
44986.049763586233976880415203718131119619376082409040085359452761334181016227148633164617259056533847929424596028749776971236969876263858588451124626484875
141793.81582182134617034584703427031698945743237227973658372177433299360985643810579635756838850948065560720033168654882554874618169619123203739504877726318
65828.513333364314104322905445479534552907588825651429195751931912452320759247134788307720444402956342852092570007468337249395781377120195640654905715028442
25793.187613298921658509280753741776653274310358808940900781111614427856681983417885157594919737925077024659970591302096641356679373296188931333533791585881
7453.1535375686811577789828657913564266060475408904870134441662373991397169337238152853114551123441569188355013482042121161912701084655890195542269987107576
1601.9961203937266879895248689685819474421751070921863854955834891491126362799840750807451776297866557521751227800046242203727572782974152465979446775369396
-1112431.5867219789054570321840931151856541850960585182686831970875879041443004246872120274159683482837894839371870705578504485666704991797380211312641276658
-814303.35961146329228423240602550563530241210101481287346575811861427156013098596022149042716885433252339552329854735135627643585440913702301336362397228505
-2588719.7853926229974125144716592202202340249779728159710033923422552298954654288886738980066519552740999767052239017371894521750081203668984062119090722446
-223262.47207559670974051750383163727599024460093485591102810042115324626525234383171722266084437073542087635750576650054189180438804951342120333155130443219
1119727.3073792784907087319669473504631437013082630140525589008792022717489544385519526706605531463244487776431823821618321515936189482690477095964890983074
3685795.1057147201912853662263611800550082003660647678274249541914162060924097493315844044686886492155373550499432252891683315292539689036433842255116657758
2375332.6634670918712786229125083043512035210945027408479329908656108939581358107549587381375998909203055140058394029127444842980776697723816293550461314985
1190321.5896069583783942185592544408657379853838935650379781491981701889158251648012288949451401352174616325732665554743139513872545175523809268327003458519
-183582.29584668009118229133306503185087841272951314829236659051299759279785733971601110219605802697121757323574017942786769312601825813627909656779965925241
-171249.01614518688109766158164498437034442901381858359224359043866057751906473919324449045757794275307220765709002983818035999077160179514383586624527590633
-138234.91454800525723316548316104353392296788889848150256451494796112396452473203945865778490527767272635730296501492704547662572186340468606991976959228394
-28170.778648941658183922812917745365822782892581808518564193949471382288844594966227454054627676623902225566718125525345311637315061727994508891389570492153
-15818.660450569897131811299252906234959950762864584837458395201195166172023358076742111371268504748699536135982094528751627492715488000231496849795121877528
3938879.2999391813818370870999888143688949574626745669856575006993844339911506780131411970689512891197991377790397930224177540119311400107650400601190698966
555716.32425131204750680207946684623174975548230573373429333602830493459374207475567595431922307886986144319274781601068966755106829819764865142601781519117
3017609.3119828797329715563668763048419348110359341901279278209435576370653673361803650050591993460575731814534909012999990561256040066713490457884651087522
-4477994.4676757294138087411066725230966544434861696560680891891372511123544701950580635871038169285671282756941638008197301035626769461898712430716280040496
-3693048.9227091768594752017361901286209202304829123361428162301876185540221640026693811019119622603720078411768321083727933451926558818842050343391947057597
-5260822.8927675235790917882348909327735495303474746520660842336586805779887938184623276735086712744110605874080815273417388334077133905422910881088263258041
-901474.65627333641838040375158915140264203534209474185046263488364659273218661706839537527176875077195137406698164590044923796709828922096237191555540528777
-404504.16761789307047255989924474113092259918471085798860229374285739522925145734041514995541093464211412796637179839753026845066111761782249030628299182119
514371.48329798464393653434545347764904958657627805147132241764024313426873874347862305982882256127740026231436851549504726350915968022473126882115202635454
32076.021350985540268126292678005401754104225621977073441652249095697241931833857780511813641061029406034804997047753490378514161385974270404841219667285108
78835.92433184609938368710502467627849473123358561231143715018703324715484060835826241325434802982305030481203302692679342459971155834571056921190182722622
-6690743.5878205254723039495203613697027777273889181895191497710710581586841928410553417830734367594337293882097803747937978188355768271138571016342852535088
2467743.3684339582752566538969538860743061992918142752486873960229801250967241330228158471155341276750397013992525983722521909872783666872153174348234682804
697613.41154634546066304605686627243065500931710258182373380024415974703572189006167855586443626227748021077481456533935032714818273589182143708423960177054
9507467.1408700055681408000930678287487802688428302018637867137075095947063056172493004001834884480599197773645614290003639187050446201029778833435995890492
3752271.8895093641322698030494125928815271799672552811822786343906977777290462288297194997233355115347951426238591426867290732395134366931381324975136976449
3553669.6174053185643800546984995248540394797533498532784437125033957357765293877567594086276254033323021872990942488233285523068399711816438475901890765422
-676138.68840473404313577639932875072381713596695553296173745955320744981859842935661879287196566699506105754024552048917764889139480828494539037206670020267
112463.7674863580674784538589785963422306492670524076497679745875429413454680356480349439055225351084463700975412654050269645628471769179089540767615717745
-302888.34418974573919853939737547380207116641511325173650426088220770840767435154725369680089520748298506270388335165606916133135500404448010107494286513212
2858175.1302309597567978493905351136779043216772266160124700022618073551543019417453399104126845830599180570810336735746296393504241384549814922519923181745
-6443674.5445382016300624472049778021594094057910410935962352573398142575406432077243426669893274621392279535288922126013398099065264771287025722440369016081
-6793169.5234705798972966015603725777546089828557771159690091956676596459072895041324027135532161618430199299112072128296669661617718723752240939616250849772
-8008048.1973637150879272170768523819661172410857366174667800894154727414202652821555999971246344060276347974431494844406365476937453733228399952911959809517
-1840908.1452539756259672792850793644322498508783857141744889109025670662007128597302090883303218948116689909583882874557723893716694941388851082318368512915
-989323.13373934197833509612664533128202047207617654814526329145116104853297886505135128418440532895518545400280460638544436314594445613341483198185728524234
460901.68951522157856762411947575307240394257720351242416695038262510100201596813430716826510956674515605403957489618662024371714621316254133873011026553657
7960369.6275614786587935444524266522566524662595775197067335796257450500891486638573476659463770648394681481082466595474040402163093310407507547289098015599
6120461.0741197219075758733623167197718890697182226469962947018623983308616574082682931423422263863012820686605746445289542274013430333558167836126680896772
8367854.4931997350878823695984457920086624225179258326040171399607104320888667313597078090624152762318765423906051008903654821923655285204366459668026233446
2464523.5123966859837838056805215528765897651704090253598813420512661625579658865867246789122747787781729832273986381112269171941460266212707326285431466275
652958.3027448931545022343565996011013789766583971068047639912352722030491154600044606798262311647543100437780636060418888907769850656548930444595040842905
-12755082.677545972518383421774567033871011957857168943330842459592364866418858563457098803076043253124406369548852783541788586299799952032233866800652152577
-2453463.6458071176035246453927811413616146986908611465407505877766664500311288114571735993364477265123563405265289549489792844002631731917981779637972575338
-3738103.6311139131685551329397017233782520416189571774728694501624307590202280068139476008247523342159765811303103480090793086588663094488223374870407848362
5147631.7511853420047031075799463233988406785955445150941374357463606114220405746627040275149757807425554303015807504626547305215148455901400149741607827117
