31 1
0.0077640284561785396036023329991314109450715107339771997925171138022787482501815717374918978179526736217932081102538548023742363058564907097065525839797644262
-334.01339978874108712081528618199036379529852947112710294234373342373173956784765636985266781774870193265418586624639134636617578363200509435993691412413634
5671.0566005220941604878259429338722070176784602367282991609431068142900884399479398434166897652615860426067449463148826484514822996211256656013422525413251
10631.487336619369767132973930380510045183169692328523892383783884892077691904352265872271749459232121608282768012566707285612555876115421776971643978094463
27892.192748316656750576889481009248471994612942807633495867083334267086297743315130245791255281287588103051460896085015985768142327028282208908314013970383
30114.827208066155418251767278702119715847495319691661687459870463054115420291416938192028457125424901335196535124109022281106621088008571863873004678552828
23531.411391209822152270867990322956586958812872744538140271523491709905921412097444100707166856070417464627556961525515113348165241783588967656457586664096
7979.8615972444611558489334012818285175921128463444424434698987756944663793749611388626734850379170340351512285157326331224438287510123132671585433007764855
1924.4529562141856145256237078690117020454089203472727985422463767817426932696107877104042862833616980784404302776750471339093554520138013829504534393291543
-5.8308695974585218405780578694109077282857741281870464038792152951237433186356665721682075017213317775800114842948981962603758483734926666870069538431926199
-2.5837213581598280538216557468646951840908734993030701845388076583940783330756989398544592998794330998441346613632156360514906221893531073653815878068978167
36911.959569454220855162668142708705001609160262308508968771029206280495715130645100097737807498890937625988968675474233315360002133668395914359203839492331
47772.120261373320750451666520097790381992686758234711636285545938457894058150137249448670232420583460534634757155481459929158397022839013518238771866357762
113045.816369451859710003479313551462617596263940442564987501665909960804355302887811391398639026365045021624080533553610280675541452720423287697229726261
107549.90192378100134869267521908302653070740149489383239023200789051492382465537554243067613639472654901941476913752703404281838173097188166602283864123742
93638.510208505359888713058163260212142936533779772398755046366351405184163466389543428280953807122949401904101465319966511558845594284517908597103896465616
39369.35008197771643118897963307278429385466803386441596154377801274032262042772632326819622211691809116098784809193200192220703315827186633675787168471366
14019.524567252571936659283248323867434897805665322509641191407644201122106526586996613327276523243823246704456565307467682207712887498825823922889198791446
1840.338250619839314459418931328446255440017509397641745016285826655905252150490610458930615379007512515707240555073316577246590912097232015799137623766041
-135705.51805802411666919775174873292012001731735914960874866451990047237991395806062806151259127847449548756871990206763940037271149831502763521645673174743
-104070.7787987084449053907839361698211024425569563960626218114995734051126808505048925772161969122883730724217299539296574040744574153307160815397476200229
-239119.79946899194853649789337425105862523821721687613157471613310675958184771505510182041985967462529445781423837497876049919210438643635100710763987452181
-127332.26868832877596471343171484123461236191201744900434234367899784812717414252379913946619295972903140010973068611282932017996046864368906064467033975746
-88445.441517198668927535045982841951821060090139787215529040668772132457699807031220882098542789933467665564667108589906567695518199504237449367199092344176
-16740.616481935224257455702546164306223744886821143418250977531590128613184087073408285884795256009030778011395137513729756544817833681271221858167044951874
300299.19643250199715358585174214147476348900124543141594803200946768810187125222521615393284002004608204665709259219205743713760214283666225455560832765945
111783.37863883091645217425733932319021306102249313224857756342121814353176594659591070096227159670993806550509632876259242436135395521275280857223885614365
234967.37813117798290080045913903262189379762316607283623602867222955263290289115197819676150177481616996710391070142975833249818132079826876342654208027342
51184.975735169032547116375776194008892932027810117211541666846574161530974568092040518197516695338493059854575091797142703248738709604126721488029916748702
-300367.29756553269722847991015265930806326299664331204044459435305545396176480173720940707936815289624074169628196384224612892623586622912553828825638665837
-37883.976494992682720485748429245257832866066168480008821352372435758602982456967275062047885600659853739486057626592293120713906728879387738096228926115464
