17 1
246.24956763975145961412427991162739024751796778797442768731174024123856476480543236301579092389539691615330794083710526421316582266878417544965621139582512
267.52967621207331695885428055881641984597887803263265687483615652728408436331773914552239127432242194188608121536325886382033531712070720979744616748852754
-17.974076387739305699150826813431487607088487185262946447085268906584437067354747434746028684106384918405332454657611333543141706916661744182912606505937838
4.8895903697516697575115255005999788798520699273461165332662353620155606009456229856202665026138402737198788443390064098145009174217601142800162340777492556
-1.2894090793802308544700335605483397699086481891135488076497355130063400590724757641638471860898117008280127183260004191927172548715901072459807299706989845
0.30778372672166651897026031744338721465050009605382317516459201848625628464921038966548637781744246165435176870142788380856928523570949314795941283707871297
0.078864960271402401513813142899394757533990059054502148700965218054550527856995654942903546331376132632730555240262340984719218157262990240225906095949679832
-0.011157269125575094302353972418361072280228746132786627034555716544119113602755298091681084067603158065345277637954113466359965540782387795825920054201740416
2.7109348739829504012100085706188412259932534484480889380322251835810682154515479446436264763615756698045700838286338258700530545062428029137974731870155619
-1.941692118611839293927823084444982496081851793910923816158842777345253429202418822714253309618372088784361167528215708519104759631999395360839299427849814
1.4051298584274606619035884435288598365327607815447763069622322319000053958386984574730744320210298070821766412208497626494270057437834346076235734456816243
-0.49471122072935774097850835873006719364814066470232945088844085731281076593448640623482784521236274368625310351769466587880866417629263779669981496536675405
0.64794962103663948501015801511841199049908190633125758523347755679215827659553474197207193792582591083468512865076741862883392205592170850343911384008818965
1.1665083673896919122417823552742383121098701850757431228043047959426575610587075373407711256235738985245041574844622246508304675899224683240784904020893604
0.68932502888813984723619950493052048109923718289001247658365167393640099268920626303125819770106303416119716863928055752654692581767743631585618463835600688
0.20825242260727968947615647218349729793673673758559641136324391939292865990590881552763610623795918270209464123131138910517333153139085476713619829238368574
-2.0520244689620160372214978969006785018323115561064158478908057319311474665820195226605047435094053593356919253999519802521644355683278377106517403134353638
