50 1
246.24956718117942596493684953982523440950022268748732056488061541013670298255607160894557887017465746610990440007306533086439003924884647660979153161434806
267.54412216596117857809798627455642962424157184177361041984548823733643203723949936999322705980378474594287133947644023858128247960212521441751174140019926
-18.229146689790411826072274480065991011625583768211993523781899963703969210208190438291161660720577693439264089970747687626052114511403275762995263032143016
4.9034461957072931302593690877388193256688108826466482756708773742263056078261487625307146483798652935585577580050476548839144361173372676928619171493464639
-1.4821238924357648341402533582921904153172357949396070089740175965202167695676058691293386719578914671107311149761024227479397375247224191576811408442398805
0.73814991357984340266756990915247595275782327693577751253258558597955408292657597069053491789894552833195513766977934501898438795231140194655300891353063
-0.77874644177352775244941431136434478423995200184289618100256404261382073631779801030463997795513370891437991675996952654758301988752936647558188494999377314
0.18201943581620497438947929748104755597417972620349863072258296557050411316564685360110005968667554866948741304942057131977373690988518654873674013092037546
0.21331047479801451987166490750446641648288078565657557155291857797925487034940158682542459887286453169022574140601139752528645813496523101408185570667698158
0.010841535376857075754624676644518333182496889663138394784007525449968051401695919396808641505385385407020141672571928312838301642559154014269409010715293829
-0.03624313376699350825617835246648629650015672368410096815042907609382086906044632996449591059364493478914240427498674134108556899000958458922720462667406143
-0.0048537574396277437338461217150942184017273365929903624957155752503867928903525539234253222127022187390876729618577277135807624540544755804971700729661289099
0.00082918568338098321783316881969247394392270843615322116088314646117676389459473800971829089524560586711902758212372714204585253182506959133889213253124900165
-0.00010985890311746400911036403844183278244965631984106227360019512488376685423537818959826843141550471902587723467989856146403200259088105056867806948695641783
1.8775844698815033771586774809710740014597452785226262469061388220531981025239459289334134424994148670635935459631848804552972830886314258281364834263490245
-1.9688210474360194292625583672166357165228874628062996068516382310151987539848792756446932364976119952290876298473210555606524828319920158909565275571079289
0.88327079829691729272024965543820629463328853229995357717848950673493186887386719346469224321709496452938889010417131841573728308338235368342027007901049797
-0.3484944109600145323088454640272946521362811066618929452343530560419633013996269689081447704860262953967814663739140106280173480751759172352701986817705692
-0.7531212876619044578140974463470547191393972682856549200104660910333029459617273429036764062203182941041837406407076534640613500967435361192290080245034259
-0.16643545678268657877703294152653873635467748997372612647855978568254031246899624331987216289441888265183631702022483128565172859030679491727651640159068589
0.63914320379032871656481967617888515744338402498548133571350350454745483700230657208532499299216228056386397083853337953442349132553029627627446374358807492
0.15829417628892874358689771946805963848947221216199663093828358855925085710692738985977468613546034975797592338429789792285061969676786083758488210597612711
-0.034395834026083558848376879707291195811832477497543260189250213158479215402015527116366474685611155571554306664238964395140214796808203760212566304549639129
-0.053310214098989411274266839735632846489423196484307320763983756654711641377155151420283247616527016195787164343584107374677147749545686879302885715068274165
-0.00092142423164049008789394140108495761935478988269732607964738686395378569081410269759965649026892533825800370383418061855434435287889631430454965571577798207
2.1447588022389444123157342488640191122166074857269915399366092592207570321498101691947727466460715871031317911270912057994503154328021627927169552201386884
-0.87671769542386099170292778180303106481304378185249309767717999367989818951414098652079137195443653430909684078137085140574851197113496459832613644728307476
0.55070954106657747349079956735526975477437973368625733632679469132080624173782759364675110369999717531825341511378403416638433713520097223269336695276578734
1.5588477566018059586766189452702961113229361506890076182577257796834678517389152279829246271105418024371622972907406744030101081106520475700685235374741888
0.31902517944656263915358504172671266513274469706707055163213861020850954369778687772714622849176339735356788482292715769543450451445057348157999695218934377
-1.0316292087204628953829413717222893694804543612271458087741063872713349058153811690577180735085005601055159456097963499184742552340445548126504642015380251
-0.57012430147712477762878678283730103040747158764774915894166252376195455436577999700465819720753355489769987416910850836035081009680170292401542403601223549
0.22406868902059057031799175614957681562185479363636520085692969196657395988154894069831257274265292707877538237598787100156150231561728218626402704181765111
0.13078729133540015518741212859253776298684940961815021738567987806536821691470166543742036315220246107498091977385247360719539256895817218101943507336433955
0.12255968836023641480047115565002084196195253307315735629195046103762642309272795080931828830121872886361020534081466230319318815119250597386372025070363634
-0.21574416915432967938715089103186303642682980423082929644901758669091522648350606786354098461529363508762896663572079378651143740747744814918145470149414418
-2.4660452882356751647674342945530703570283185871337351097780935516916838037573907471068715563125281408460406119409248498349717391775000248489011563618133988
-0.55822201486744358252580086541585957187053042698667776761294904918989797222529657986310117304842331849099023587560471435684623004323291926326424137445333679
1.7954734334119685744466624619571445394173802140585815198099313482571815587583552507951282447741163201709391166786535849075395845922442072383883606081266893
0.89237404041813355233896802501253507827067095153723703440797883035515677061952062580555327183459935927824791115960089737711011087257219662134491960483078834
-0.40854449192602366456378530805417920678649882647529896669483840548471307498702270594926620099825269625279377639255156119392730999773054386031148307683780254
0.29941267791343000809308610725546240362675772628709691951990105606971626192247868013384152127247587845026460119342126754033415298274937996327446830132863322
2.4709190932673846784046868308683810737520928491364414079647073180545552428206945048940350924212320498881718934735198835765211787520914968365032315911725058
1.3751439442006265134611282454446511721411967590895579070837556208304283760203538995424378525771481683487662734525113330317555221261776032294028772249785849
-3.915494523709154549676901571654816350321883705783632815103950251659164498540564844154886997165480193747284473418987686572200589581200737298341587576503511
-0.077407184044594313151236973389127009928456438444344521060266494460879614194968050891164909998821293956536214058212664471951002659415092738330189147544071006
-4.9346300440484142687701588304701051773221750715775526651369736774400135667139192647572120392042723535586211364060422120637294557638464593225845697859294326
1.960070082083142727248637789775842584996782360084816011449670243762306117472430570097592409530094695221158661878887149504188929584128136959202169563605804
2.979975476079403038031512317994653337703999929876059668141182208062588564950709464333972928944488492035193241698493589789435724001682152726179684786894037
-3.957038700236744312132753562981273272410193747646276641491268309936322161114719736034285735648936957579560145411012279467326567021084913409066111335132555
