101 1
0.050180147775838065648142151555065576332260389910328806993692867254851761679331019058845269674714444294826486486749691137582713579072516592030283954493135239
-584.40038184382416472826212020459610680330398031592194561261735831660224541545678916600783494676563385473640192593517539019829627944546378375784341018119507
24639.107571040061317267254432068348210749955659037498432128336044201634999328671419564550707476920055794461502271177822684602225879725315303434167603306099
69693.738221235673451534419311897737197553817909377467505754974605892700311882402661816044360962583109139552660356980518576816493684060469194810140792480427
348226.65523224794436189282469600320566155398565656231120538905497395262779166886525448636134296376945878990306919265788167635547035749499372946590749995094
450263.42907475672902764910682265124603841070618008439962320639187852235391036745640098549080025572007735900352984642882445102397787494702413470840104133204
89185.898430751326545971119588155225221012896920612814543202487050084264878177798585466198930583570923012114175642871729723536620001039939427588199918377399
-323496.4684512978369732186980688927481363824001218244516336136183850658820833026092447554762266317578794433384134090155796961985016573551877728251470769186
505063.43486602740875041782096787295332588899690700646223478232946992513151811735544611268755994930524445638887163776660419032190991996595340544553090750406
1349955.4903827699450362088763286200603076032763782311487126183460578991539118425900184095481599402458569191059206487867319987339174282579252602877865421653
860717.79095861049210459448963071145855554724192075663335533444612711446936250117739674990889729895328569540052791220949863903148983508106803280438511112884
-95768.406543244369521933597436413596169678893272012957601321830473113683671341585275244646563767233471431227481353668774646263209642809014790428763497680802
-250724.3555061261643722105765125803961692413028077590865990400057399620692008702611072288347147601339239647800722599715963508706153732179285276711831935029
-57703.697937359075131075530505801710410006132732733684745165049767698878188839139543521817140112488309399180970991847148291039853931809423786232324596106868
28119.162397230441716668169587710368669860280670482577704157060254805875072645577721612008027805521365263234797027292698630390824812439544284067830873635295
14528.383763909093403188609288006565329402038834424671926145357290826054773925883433886033158122306106403172922852578545019790090134964634692926960815527908
5724.405704098705698850092354292494542715485478606441973275569174743720378001651058434380394405563167562315457267420525276593138575612803348177869807016405
1204.0826057839225478820722581629137549241076673036205407197753965544196864372374522945406906725478813694507470001559389570759033526690366852810617680901416
52.88958464080023016649295844818545696959283654920772018092027473948811529037018316982264867263139557263157630291407651532487486622758894750482063710159402
-6.3138214502755634052052198571039278576498923752961122355876235304308108352179182370140333597376897572358447912583116512195875824029774269984927089710608389
221627.01282061854419121188279903700694642372550480584514645540314755586266016148058657631818123551484970117275888903951762720427472429843110965079252074865
363065.55960103233393965861532782173411997540369401561040303097165447280570507677930643598789767718834309311848200900746666844403326171765722159083507474075
1423804.9858255462981963919189491844507429516299944465790701476816216409444215755773711278009400644469607389459594947939926197747966911683975324578088568728
1153046.7338517089703102789807243736131941666269674454258564661538163683449249165251172090023421019037254992909416076209110438877984355112562598264551688951
533933.54886035627954452201394339101890979759235679255530879312378010880465059245587979350432209304049886655660457106321708481623304674041619474144395315449
-223886.43063747856262049287972170602428658896433786681983539818552267519187446040616581579940779222937217749303517678690352704710099006425945614955661823152
2223468.1249321531209527815672584700063880046421497572370585649179363350255564114599514095438997155332045744708425640061883490198338411727460499018043676124
3941825.7249864688133814508028673476775472817527844039693532490625430074038887667534627547647047597897413231123523248495611547104891649626568611439922882522
3087864.937991602162684206550673393634173432588661920747586637866088637199438135694151097723955988953577256672240136476448386394163293664085030720032493139
358133.53897397383611958888646664113835859765345450916946696402328075675994806903388248572642980870954089752445364794688665019159190348906098321049946702375
-594294.27617987859350949020324041379987095725167107728623129185107379936639079010378391342519822312047867691836379420802209144448635911044268248202449466445
-360216.68145740223595466973753130685296238572110280680329092949585178478865071341080857077339073801741402982977108395785791977542108495527390345785943581469
31051.662490316570288956383694937713241161426334507030794854562738981248277926869196477095462525361083205490102134293670428779195639912747937524069805061362
60135.285807993322422590698122569985432998471740182213962248441042269268711438497954004134647013121090396782399500559989634391619075960151529047230061617369
29860.183530724143894215222818508390371415489780471179604421809443297555672207983446108574069274600879477896608677534434458075870097570635945391632401881555
8151.7873330536230204962442940136403873224407898135124420353091456656777027735181226929386151247656746208065741344181784223114874340366428401231252872633103
1583.3863172054783378184576471627204885738730549634757631025893524338274821322390913342758157559482260856296159555664592167181478761580005149894051282101441
-1911590.4459729820308605314304231510057817954142288191167566141418902406685840850240624311476173928596674035495621105795551572462086834026008863341563361427
-1143206.1817954762417086094783400582085215746770329150749942758979038871596993476044526711901637001962082276554955049584921544720755083307431083682073388991
-3841328.2518008476500262606588062654042953198259717317025933076470320797275445097922948068629367382043821439950859923523860305107467364077674465347845697977
844603.07126218083750720182501222536996843017651153211133093172394802309059631960797166602041204702348488858583909914803800562732972616856829080122570068066
-977152.38377481963769576220153667746889123947796940498195833860178651752075599877353007342336245487410606018683872620153551093247890238011581578561454238068
-2897494.8269784351686182158349395495176060103190674572059800809430159998665920377321096925595688089248355248949104573008569595194547369240803504649686286896
-8920264.304635678375517966851573157544197609633322230032009252116807172102774632310251583401824666895250276316352556880907519323481998920930178899533004522
-5238828.6690902218636245584715322948470800728393293881442114420060971107347704339789136807363137281664192814942801094167995764031041988919094922948674392356
-1218659.797311851548875593403462939584728794465784040286492721736024164489431347428210917371658081363010258385129253455970397690112617793724796089964553496
1679940.9236586140419092565688609006673217027138069055711751607777503170061443085963001610219426174229498555302533858305526984149005880884826333187696197715
560300.86757451210728876893104508489362223449117356868861828811913180100818254635900714665672170525981613997123412573152041091112931661848800467917910889081
83577.462364659540654955448321915574528326678243000470996964886020100616811963425566302915053921082690587168524427974993445597189957333396010881997933139975
-139741.11065608831529977515749395974499908833110727815945425267454348702580880271297340377669707645630196014190804902768564761229802058312383846249370339466
-33817.065278977898514700012374556887089814967640084243657230929170864016269158676614665392643141466860866774586915670748682084221217038572451801361983172758
-17255.168132686427402964426195438164700285751255667346629949104311307061017314155261824596400233553448106710945916550431205527903924954751561707613402450231
6555950.3738379765850225801401821431802824182170363714366234754889438525255812000330547082668198821593315995203655766295866136337350526165946874956219323272
-286745.21895852942644535629289536447081772262264085936537729508340602583065206463876552636467223140589676213350755826923659101933629145989940381207437299712
4247297.4091021475585355113952604215748056780918990275136785156729873850327899592429887732019062688286077894825927159862625070099356418991965152644025785361
-4385126.5327700282194356296385209825921373484159625818318930062907058566513601127806740955713081410774671711785806348504177118264120281035424632617786768569
8863821.1105218105155353239398972905704393454477914506982401479752318352371444304069593978026198038461537931245018473155398288447331910638644532622534453053
9176535.3973473419802869372129265466819357473698384491913647225217006164188915930041526326106986894637850815725985016309029231836745422502664823926704362196
10663947.438486697151875754526876082948500586650101662018284633685669883049448286642657137916038183945094046780601163980728370735656004457402352645796708901
-493012.65836810350515476842704405918876405630067990539246927326969856722274442658866629858088117717296513979428062665905783157602893707695190818878615629109
-1326463.7451233902320018058177382574968507022662183571797368856201599424778914602230221193379084046027037325262864059787218475806476852487174186579596147612
-1713305.0483006381823904587916262791938548059032786814274782790872454962517801736184544139047569345571530749136691341956775336857328524112703035723102253002
218564.80905942844152132576989509203344945302877070446967614048887818954814731380620927528832759559141642847823542167870041093875612987533385078295836214534
2359.6964827438260790652171009748340871583207272282207675173790465822875916694454821883902487897529366966477202970452469731042707912732797481481257472669312
96999.024687486390077215991353776739097141038878828815623579188166607575272811236432727451179793067916825845087001250880116044920627624985901827990931717488
-8938811.2603597493613780790692580143705251484848322271171306570346222873362628201703118120898315678635017588719841950071091908047564747709231097705630421476
5145358.123169004916330045380375847981163980311544646256132917573259432414900350629064491019367641543989880068093319298937837857259264607855300973801578667
-3698789.5761158920533212634740148092029564652482571911314990702407647549331179454117366651095031694134585169437777024147358847976094115793838891431294745075
-2128274.7059684179914624303615600834762703428018212300991092692095959612385823957926783512491831134042031635982103580934163169505005676926225015726454138173
-19077259.172216190847006600082075845180636143779649285151677355841854696012708747543765422298324583785667027948735259300620585295159268211143743825229326875
-7647858.0754985209926720956500397078875795597756340583894751969197014030163631719006396905080696513711656072618365655509208175356127768034328203871179848015
-3244045.0556975058307226247356752427417436939742982281925383070014908938719940832199034985177536301005640858059602853185592066018491681140837710447061328138
4742140.5383609444802993632098844219479657320507396922349357899035692091400107464900641214999421569185410169985878371146752645952406380351932695429052206266
687209.17828813504669243329851573537303410319528890142442244071718216916452323793653453416507243771622136883410791149787619636718708418336533420076256828535
659142.89342123157711005706587851301279702726463983221172299136936092453232460648193632180420558960181350992600581302096404300386480413320711465704443352404
-334038.01871785033959240044169121569391716117254736205910449841851702416217492316165475432229816650593690985406629937506844786122801823115494459187504764591
-18705.495472677644609588084574120386851182758528472355765799182276687750397855115511847575461238227197984145683672722928007083524936834253571448276282543512
-3689288.4302871667044154331651208194377459750412818564862094821435939282075434006591383970654946116929910040753489147956181302552878238295964191780496361076
8994603.169609413266331143935791448757141577083661977825210381806605330722498013467555331926800319511083573845508889710285021494718374773977537220476242727
14668840.450589039351785190982533456037374119200133033449854454059027215107763342723512597408015396942457191470558299645382673039129931318740211343286139651
14028099.490484664043336990088511335648735368010353678971373143827370457915205444161719747115847975084635817329555299693605287375533326147086359744454841432
-1633645.3256684219839638341902539835069118122555921325717147063987448541397354916248072866345224985922810041939475513954451385041413798842989474932583650211
-2335299.6495405872086767680780655262871626504278081615308520252248332035576990596404608099941554998125504843714185419714906326252114224283503439466673511438
-2944136.5273371641923886344103877481586371102752737157559702115528386761706844564418824564058202230008835594936177077339464319569130275974438777464461798926
171706.63642612244477846705672007570146168933322541331476623872034362859822880590728891927108525428449052420678538152738831282321373846108897996159880065992
8118721.1716706577317186908707587444329140773053687642011515561588006880842686128559709242202218486726332775566897736107014521030048254966986895683149917112
-8459260.5531690705119932078640809611152460747859401478031635085153312537586724467608614032519698754859800440032059502785348078842047961726126117885318161817
-14444797.792373075587607037914705337609864270190770164865030781998660186007023088103948326879291829236579760545351180426385930575007377619062721233616513565
-10940584.642237003863351819269770930505353400509437431522155148850935717357714066580127334223363365177477412547058840864286997076260575160105584157821022006
753943.70675307543453565986211062860076930209707240376086540961939105887546492588719343111253050860712384707012249366726967880934405159299246952316179246222
4378886.4071998653854223969736153884330477441281488940976194094489255958832644497040664270907935791866950814276743968072932817729907450314880755897370488036
1904113.5857834465636028801089830588546264020328305526788333814408803946410293372498882050734726922842200252717917352868669448516420907951221895113203260775
315808.12358324929852317396150116105618847793712536587460104610363142652364124176048616111247094766158024858770487934281961741635700583425536092924759227287
12636018.776203195672280998031231113025861707450936096647427805261280167709029376348119650064544249843445133765039907115940564410744294289735383536975948742
3334173.6228520956591557810804588022121304974395274921853775109310853068457228904696019879649358454936025319742680286947027841789179202584047021477816380503
76056.707025771829942762165618325410103920249749869550023147387381088565046673046079202638066397598354315145479133986935543045190969401619536121662361712274
-6508132.5901692706277606748332704741522748095646568149535284367088411286342739176125906924739725529396201378194683806259919533936675134542410650128665072531
1736386.3941277428746746426187680145032253144259252222523600474611155159585072540556063970123017524852162801321979399263871450909557927761240857990317799882
-5242874.3354289717354202659041427237315761464158439039040500876532925877641026670395291606903348277044838740050146451488519854940578184985492841791307363652
11615078.65490434373062987183079751545799125583633548648954633458984535293329455297658486410552067417221955500085106059862260101713662328575154379060001213
-18432140.002051395635015652453296320025706339298696911797669462289630506790834076849746151986501707433943578611680152697171988870343681911473892996955884581
