22 1
1021.4745951731255943508917403760694239251628936057615107920550311540859650061974255502689208402481715842084245766543244107199453861285023340634605869913669
246.12056400743079796343199929363508248517729873510355595917344195495513638178843405833216859573280060945527731203187075412680105563134393132856958770578754
-1307.021785122769582037150776908572913036874897871102116310930193274335570641726106459855296912985557783402849865662683316236598794261999258578392219445087
7994.0728171548691389903118041096509043070331833740633984956384171777445356426527919476403693455377205529305960103929232833661318138038473826002780642627015
12903.412973201583635842124347168815186754867147654028608328241614127569983355484382159604559790813311928662903029240609554260004675634602670322351977467
17558.601944693454063516510705462624307057018114652066287492199777103491420429641185324317108606752247518870910882901057935828824960828466555333073388957269
9466.0056639159105462340884158902269891640723321136901369304846537256822620702307158114254919844750182973624889322639940798294624541398415970980594355861141
3962.3023983605219363516655445396108491580601862351683317252488580600211232418891096180557724045691624264838095281645898905991314965348485128297140072985068
-64.786635420475649742177648310057738628264896473100786098677460502615238618362080546698419312489154515905464641415284851452194295019664500814555016056704364
-0.12655281939074843920575090257219771082208143478284155310066786913798904332790518708597061657191917139092740209402033313182647317498815829638643406661772575
46511.789200378305032975522580214253610835756698383445637170005899754250681946640673247782893846989061150561064262625593705011046422165094111196191991370614
58422.942282566091574232160758992975942927429203699090974162442111585581175252614451156844002475492172443105484199302341561073643867365832692721665347153239
69831.940165625838161600861908238036679284620354023980140403484383885552279667560556048170487885476632514905172922763349709442172337862316860428992150912623
45149.082158131960180412332261808369293190972859700955684854901434843818131159860283708289788672188183751429873845839483722644859685311348657907079160345581
21813.126703471916003238081176521201649215962584765942277580752261793698647911992335872428735357405935995448186182994316788847911400911622501995599165141329
3558.7569437659435344570898179622127736366251276631806921392148966595150116854319109211389751854402797245311967667844587948977893931564229698467256324284124
-33360.94093755095317163200354267784964186781364746189168752267480979810458100535138306348003719790741986727397888383586881730328812939362621891630916099378
-44240.527673466219188245074860416975239869245009979225167332821029878470719342372296569291082328377172434299382118320230777355304468551981261024926041621825
-34147.996064477178796533601321563159325998187816832204245978270500355998268062952797174574809574652233730328603411780425911806658181099012958738975395887148
-4422.842501161960728339366480002975787076017035900660984001366770607158770041303532449741710361218766032005573301178798691499307963724309848724304534428073
-18587.529460089650158525475514102915370332323799154944115202916621452737425291137196540027003586715710272081869208791255758276105132055498768495602212401339
-7574.6768535521142721797489986734681187403342234853381096200526977952412784776600807747399387379687135043491862535427650712161281279742702577219209655016146
