16 1
151.16261776198263110375514188909029387788175364782353412718619198374113866594772878678067481213038703980077122671243961861881944163647210491922014136906427
121.84226848452523703954405924566350737017239585376956958303279670967709392068492520563554365850044554571727445976915518885413310960070747940899519673426319
66.676843312542116499706500737961250384154545116736724387042197085413368601461779580818030909239845075892458202361603664491134486826546760476940638134608382
65.426951676761092267628749785879104349433794995758911827302824819700440022165826999413094986454770155417898707237508340686722133659475241935890832417746693
37.983114461948437834636789609524122732515378438108847166064959088566750155148931633808525889225438356475122715823926895041937093372753013490262574720383244
21.143036995400213335818721686421270172389625398161035537403143160671974343196136452490146589799385378217644179143415244928424635903426309445401283550880807
21.710105925855082006410859742024833556757881951393218937102156870439609128881136858528340117742613532202158368450763397707413945739068701182582102394598814
38.977437844157959541817207804300215716825807511052669020635788573534719260902173352225259143545972187709040021202252884945800790563598136067680103335884987
3.9295612105468653823727478923118638345000613018190820349433836409652517914652687983911677856597933097503084650496983342819484930677230396363451230521224777
21.642288462276906596699685735977893404083416152351432849174046476940382442236808897686508053362684204351559940381376129319122172613245894222564753855407848
-2.1132659314659455066657987794546503764407711128213064842526419261409513678996257062682049679603537258770986009811478448417944009335696291727170447761578624
-16.74789065624319340254795724010613847974473632713562942472815547392871235396609300387942585495385349197799610346169873479302618695928699275246283141233055
-17.717435432004807848789338357096205945581982124716232106971890819985854739432110711601267946556798891477471348836461401944840412264178376360410467370863538
2.5318722450684291001655572583309204007466157194544232420047520427758084471211569246823408732711363472344517789904999599031913656424949114045729493948539945
-3.9136322345304573430166511329711003302620428906345177399716878082765683762174581799169793654733600221166280492908397534092389098256402366021066507534402919
17.244154251451217217983515988058039007418912480065561742416291106944642075847099026852558988806209803278044281873927249069687007739820319676826840992621254
