27 1
-234.39722848575359726529421697665936541402858140113926142738690204139539706897632510274687063729258335319505725028168954490770019053519077192348762005305197
245.82717293788129002002922037802030434437285798643009333897640314317093402926273799180824297640832410893096742075094471308633803768780013766043262795813739
388.60412199082937039368777206720578722179315388780981630960536009028118902126885797821957471916899533682297003637189946696171621788864478638823761014673725
175.10819176260777345217814888694872953118083893580918743393887879149395339240100570430612185351298578311198242346037218552706290183887765682915002666025953
55.690930045808122176429449466646841216523006843790841485815279331891497801005229209291419239820647170467433521995441054742558439385809596105784639027312858
137.52664508838960395998120658388301006144030500635600115669401511478766934328943947353360336753875629282611296031678808798787844722957400874105300896538536
50.596672331369614254883853359913034151103729806519625466967765079546932336080778008551146966009932938284278399031626873415737715749135670945674773512535964
61.49583160952115534781693066783358129390938462612587639720653353948457405204140329145751844745376165423335579922617381731446988095717152182100050751876031
7.6577340690125261172453080810191929375622572988514160816891723116345204452130288135217900853146603297052299410840943626949616533033915148923041542926902085
5.6641971246703823027720556726061188662471832902090640686075968327622544683758105688636693852563338055526591928628601418184479533055765277867008344362614751
-1.9079031026350696610187080200435998750184805204600455904921559511494706420196178498389471063997715573095178804454542120641101281019106701883532958576845231
625.79918138910435264207140664061724391102465665428683595372165978815691007421135034552385043586197378743965900669701514170212767152741590781777716811681324
225.81433682497917214137667451094338607010252559754334140994389043455453936136570923782780255930089461506780421722816758939465481150501758245807483546449825
617.63167028467514176506493294446420246120514479730819227791250304544982622369523079917401591149386087407038552305825574986613890664099041141499445202965607
247.63506174655652651295785129921112308014742528434277073228653372298939382842532729730458390283583065818601157716326788900051508528628748245828673695990201
276.77337760624913783755009960947044292968456842946195127777172466332173465181478958090485746810852215296660611261689179956207034235614749540124570724948271
70.474413509459515891218249330957222870869889245263600732161999626969065084204459689157057499693323149686776317749480015851221987411089546238668938674841386
37.413958789657566809449002429851396274494404035330342917380205876943765323238827315821504627725506652668373031083442152131849553105410126847783772871839932
-1478.3246914231790328485009104897219015098960927177884411148159622903625725284279402099672160600569637034983197305635905933026628089213870190752817031237207
-196.69299863222473582669323446021900094685178592210378601941084363138372570607911640044830555095757226391682866822148301949445837030967320088730224417940309
-804.36523799697874891748050790477501705915514900539922240073096577846736801058655728220699712940718145723527940435408268887848169278434346213351512667762539
-124.03736565033094006172006914936654598982651465755243504150182929464824495975791902616438093676359952389947560554541059758609769975543906885131061731777626
-166.60379119472930429585725631995391159713750448710190661726887259675850395814212825819415491080554026366113753877984582967843559419673510967589838960858382
1620.0924255715169372401220015742247985207410237733176891305453678805826156556257243966863492474811393781431562007329044094438797191238534925444822842545644
12.486665871496857325818117185410875278764084273858418432581115035581843145128174093225183697679775707411412208081799973343927853900086537132397313728617627
422.34218420061752073510430971607311525485699847971731453277236567252787580995968465766415899261695822162511202877924363480563552116996129467072951109817085
-801.84991703826068089100945094488678760224840769895017602637439481637039330059766937406317165399679680134024583934124443474929908457086527665540414156818947
