50 1
0.019557694645622224298781344941316966409488712766036153822579096993160097961488603683410611778968111443105619310723800896119169402526384098040630606909936464
-454.76588607978775806458831147854742273687757662467656236142219092020186527325189870577030609611884123837169345757738574620711517230733090306867913481007756
8863.1173225211440293377864613265018805593451655745856919657566658375510919641870367141486558531673946270424088108789584998566382609682609611549114357647355
19072.490010510039653793450783825057888124913205619980469823008337031788483080286767030666646299279031562142761235782327887158263772454256351724412622974921
46129.660726613087516795257611113862875088413860711145604221063642930413279205243684500225884131742659290421898943392026978670809398642053321207257878900963
43294.451167533996370956091054335185251777844838581289848855761222657962707490505626702641567838360982649933950056302457286173191642459615489636899285266358
33625.525861873550049244300774161600248364484493522851933643378373939008412867276937596607226847074200477937986924184709026265635024533889858457452922255416
38019.836656332868346016661863447626705488357685511939315165658277738418812680488661793778667817186664881408981164704352692117070250108957890098124000361382
28984.045740458576142825705478363288751273666856694015095528255802599434362189606704770420388451544799069679880729940756895308179265876536158171923552770822
10500.448955656296980919691814365878657673862986227407676733144953969362646789661364095952491040988308650591842381028431023892271591924719812429322289709986
3941.5425933481410934748286903638214160195686058976556352758043130029281662420236363640011098124419811364379948927079138963898284772150290702876850204123848
1331.6314128295715133951854059894521522979673625852224795647832786791458183285792045994996909223328623432598438876197413311180944563138087165667873532165293
-22.482774040407500671130695232997737630861068765089231831133823935378371070576717369012717536827646277196563198579288600555616134912577096188169566422394313
-0.4337094772529495434541225253453191666097204085146559652946733523981166441319938852985228361582194849238876776776636135853413979266279407668963039985887355
62244.514718911589613363870735175375518261876536539106110584874594448111347940353888657523099753758872368383453761645893971326108419901067318879687910104613
80529.481358475652173420521891209161693108044143623272326360836369747195179876471632062344315209077438300072706938175983421070083736603319511416336979528819
175371.858864455666409114449949945995042125317523025352005846764975178574677184272540633641684772347641435353628583590887942231485683700414921611804083401
177437.14495914661703409246451939601153220658437437096511084777750679763953823211463358694614531175427133078965354873435514789520232076994178090728730160558
158598.51660813279846822046175338944304312423098641238271846143879211787882282586811671860146072755013647407314617183989649628577886738173879490734942065891
147799.81440197383961153388624957140983399164036673799694009288716427728799669578410844025840591906104682451382344744483743410746458992134029619166110859288
110654.3235103554881326632241420625505489499133268999374652967542431374375093710038227037486234542936480816673145668934537045252842709850991490408975870566
60185.29195700364367766751974102934896284430592961942463979116514523659547708799363767171138667774940262278862814674402655296440909514406852110118514059671
19845.690071556943054241497820581518091987480341335285769241251427177313825432137749480534273310226209614250462346753238715439702714421340759716237949290363
8282.0680483691081436501609739931998162835831414655624364175933976160963784058521669824078750737868345015502206464826871049650586226726734837574699585903992
1165.1589113183971378882608751378234402888331906894611185857350400558919381758024021760806688684206419488120383730212831875721941019161505365030857882722962
-250274.37700445640656040334882363724119504673368834025698054677985189677945675599135812578612808760786588032937344327971751449483453756943683489795497844228
-182616.84309786679236398118283587583201721429812381077076891852499464357968011656720660842390237496745872869083095586349565130680926627321189169572909307418
-251225.39753566952869007823225443673126942903656988666120901350316260885503613035138652018491434640492750833863646826783587998574566622768209329085576620622
-235764.4599893120678054988603929933750475294638492363081527739151455474955945130186748334219544745638451446576439638737898184299888172556857199443154140571
-208083.6601114772300393540288532004836016336097956134784773603268444435931240070230472562159962453658125085478700589041168603674019939242756156488127378005
-183437.37576465260962349012280025137578139498466790183609259243133301488151782814161149495503619492856606812563494666093291620144160911907557996395888301767
-67710.761967039306604500698879217860823800776081828774788928862277685237911795559052516237333480514567101633768854347170415371360959164120529919875179112302
-30121.881356183441334494692317458862876622254315190080451124341768257620430125705893858081599050146224392293650702592186711569348645957043414603215279671031
-4391.8435977208164809007211076510262805031891079651424820564382559778975923066031507727706453907203692851124360110853521948671122198394231901434021349858045
406150.05134560019844086582237306938217207310778276179822482529841897685254930354413967726714189104180805248616351929361762257328766017745775058299739573401
179381.62331067298900869392671883675190560271077270077118877535620737438465646315902494430384343396526655836744312997799859188964517593974994899505964895412
158767.47844274837619665871647201970924543677624154412214414265991734689584652968666066333163109658572015850806777948916764835152621110039575636874856074587
272886.24581492794470176767082169531351054299404235560434653690778231510101378590329199166471294930000962241735613887788412034374556715695793617722192627893
154661.59204275330642468210924261761557112482076706119188340277262480612011129798244344630576497746303832353744560137526304286094135803542828504217002172133
84091.449985728074054550019326971668121055600496518666473827269725527435560118294676749783001200782727473872779841722711163735916617556266180500212379898343
7889.6061444504112611356377135322169612770200235386147047073401832290657672967920517690518929291158117968255757523594294754518302499866852113349061205546974
-341108.42247326497353105796687591803732709288766664333015921757503362947291238025178091744588499147552969367274251269160467412043016460128299696243020297994
-146730.5182462493002840437939944048542616007773614263603776440913741378967424072143331544567875994678356895009920280375436438117382786925729667046127556326
-106875.01463562754029376442828087611904432422143977708966241948359112694063461070928815492279151928659299304991456089633377079963752616950690045757619555434
-165776.40589560582871038348764433500760354977375731923456717779142753260899456289373532522626193073011995561435370744080150497583985968533323792761373988579
-59714.001425519882745021493155824208514778214084231820327802992511181817970782584588108749484663743652360210054577341931126386769981759417213569788874712571
234215.24396779082477083354938027739890104990195097299112630584867473356626696716069240415394413904101171535466984672461991693393684016617943137610642684097
73491.040301269694992828410224791809717545684463015212678943698926051510291466027047711703932458806695023900122172461599688802443879868766511963720146209849
61443.113614312529697373611984284841081840455662149406495703628990634204859072811097285175468204983838882136385950739374003331413549934723591245203052376864
-123295.77727594288413508895265836248195346520965204674335419464188774323143329386530427367065219718878664025970401743598147858104712985889037277099467375502
