27 1
1120.3357368221831160277941085673471145866643143396357443863964343847671469594882572478344614697607512303064077732328767150539706972440054623670423408542357
246.25011066651567835091380931271000592696175436643391350164301294346429271497821121440300596618007206702057646752276098998867988903715000266399588563801236
-1517.8591121230748768109629953823817445770507973930003303352810827743299777060399897364794529610884205087598992717451855541178392187940707581686982827528089
10389.103314998180259638474828917942779433233110773953560895696511818129079314838069653647633211987683013880957027758565639446473448054109455945603644676085
18043.738898605948993065863774032234484930256688753940136354918095829095659627618141778461984084514671875364285115553095393079205972275363648540675463655781
30888.308098264435114144163777107922499857117846601734619296908715345023357310778466461800742796062389310945368584536490320184361208068506220397308096993315
22882.80850508257864759733949529834431103770398327042190176716025598708269524105769071124211196857916832698945480371359769369284390247838046568767273230698
10904.059778253782537911162210153863671449020570738580396400214653369929762702938547278348618503448776430425682913662573929281223816550869177561360804444632
1704.8710254423537841267032010641919659216060520607044762569635983201437486051454195379211245165200031784310525861290983986993307591736839451735407778054312
-26.332663784601390960562419371581833404709208424811727807868788942491520463088344382053406205197855377327467247101872626258082391125212300471625675785971349
-1.2889674371916577405985083615589266443864087934114338896941882019659764004632465839384047975722618090499976934324213135255734235723209343656035976856631415
63425.14665690183928301374771606512295662272373107905679193344699475784223905060728760344828479660361356209311727812278844049014383726309187251791789414198
80959.955877974821882300843725686420529488788678978359068388690361827396428254048627138581476308194094381663838279057919056335203763214551593083430674495634
121426.61701027820936449452833054926942614909476623348567669862801706670930671150798907357389825686661000260610064845606990240134701492571321773947630635406
91747.914200706789164073077923283580175036294937107811587316469809458288708608339735655007150235484934128941649276034951003930865114044431881368541398597174
48804.204040491849592165827956844364877236154660191756675929699936928964574524151582126115278157049057513907887303514187036600643400963013141252693362115729
16397.459730065107628212440386354939775777663228339511962007799404909230366460415876490705714738085398875944347098221168250424520809130622159003581122412794
1530.7131006268916320757628321179861257265159940441763967674471419392617175835078443078653981096469831770157266556519486583466511720746696330886106269201285
-103257.02450181959229390162078557701009386321189973984743448802360358112866616439223371041304284571227007803456257305251727664746867243413257686114419459657
-101927.02195154217815012930356901722147801574250846856613760182591165724553727536689567095018213215032441234467809160012281039327331017148886865424149103701
-133627.7551634628680364332204687279450455464480446625151251267037099803925293009578327973922038329278714762853736722664777826531591897505858105242390649195
-84277.570197816766030259088042700863804953635151342587271158379025365482622982974954536656333919740776019331546664948683760911732758431298533130682630465461
-12852.247560800592365032364831384512519519703585162987988199246121307933596236432088836595433999051094077860511644973952430093400833954427532677586986790431
113768.12223965994080733762789854799451294264874702457614038395506981816877346224513912542549794688847730551526272499445308676123802646552283857825344236255
76462.691344310052646554459731256602105098788372906079023301141519328501697655706486100542958113135550290746435820085015490613684714483811766351507104276077
-4347.3132601663491121582216621276550893954331902639211003111214523011224528947762897003608643268724400645335307164302795827256275724032537821893414566394553
53075.462873950348633060531777131624328508278567540741069796244364760641875280247180745825136582701669896238891497999648031159876930126906974174769051840394
