26 1
0.87408532776952976538620584586933108914847761529323923797663649589258668566784325609006571326383310780213864633651136529773151947989140511469226611031091364
-298.95068306655958933653340879456533714160081264021597703172001521341662148042314790380385559221563575189450474426714609625514723638150434084933785475397117
4225.3232721503135349365861333790287528330711827359039778101590453410920424718199527457307784961632908460596166681449946550222057346796936887284428752258261
6979.7189884943987642168459199837269274186666172368805509988764089787526913012050926106832824303704275884563074668439312167375015231043643956580482556063951
12065.954166145843881821313345357116729229829307593870429146470964535634656840577071172670087553909322805686396755045215062372202522551632852368680514904788
8730.6121044307892655394568412812407672775286656050209140745574409754744742683686485753240149755239206439115511046107814511957092362371936875359462110945407
4211.0699566117491181948827338387511627728858581702228178352475675453289345136158091830452159672683483044835453419866101992195401962553528663799391452486096
1168.2683371696877851069915705819568698085661637684913949828057452491103624422695028282630367158180863335129210262394559760338139064228380686630032225941692
20.497113617723239805544890963175535684628711280053791318426924934079978710401459569776191834335734289139607916707115412704359935026674127626916906287274633
-8.4433839268029009546215131229300990006113371199340639276651772394257056360480034430183128400705342390937874898443725593582317832868876345112448370577823401
24981.914661006747725513179992460072344241070368992742323545481449890841162296941522746480010632404997489846109840394296153301312824669578060408346166255483
29747.344360492258046660181051609757984038362399759063983006891024128910259083044908895946304030627323276294815391935772467124005719883841285656912775802576
46461.47876418461631527906146593530517380033609512754140450301888468237975667470696020000131163912828414564339534226646064297377762706610622968020490891393
36448.405974978007819727492952510715404961145544311269868297365265892712373975852637845736019911909655170272225310417545940829397844008971572506062635512093
19824.612869155420084266316701459291453992521491652611448722731724818795077413975721087704680850949499394493374136586423809220831055309520441673601036352668
7827.8020431713157079456031507700380023535524789226598944274368858851136816199395107237181852621154143818744670434596005257575908983656919531242576236340236
1202.1643401473974500482421103789091947727071305679124470330892447294773890359268238296175961789332771274683429277673433978672708847254695963464833653425579
-51614.627959680386656685008774363543709139690588060119531871967174726677946044832972978539159329146484494075446381965484893595806685775977156153358424722205
-45557.071549057965219884543382234677707010432711622980132620576947577317070578817614965941009621855414979407669532169128251501841356411549439464721472353983
-45081.95772168753509344368922083266114302686419737922772284065311647360396586991958356160470780978404650006141190311113303453588889117513468797342125526769
-26765.318484777032649643267398012938121744833274763900477767101038526912117814277099465463352450556221705950060961601470462348389691086924771353640424652655
-3985.7818521566288047176573283508302403534234117282007012393743393641713646693957260520935711674941939846352385078530160733901946447828650611171072448088036
35078.371733974811878107729625702362861097025076499701607783486601727964229921175864681833928601177446548985647254128512763344782128306696490826022864047384
27556.633266175072829999214258583831519546965413259391225847811989537876533459324728535372129538396921902770418298741502717435079734535095760724698156198076
-1180.1206017328547619861495655756160962081231919565527386561131630169639580496946214494360313184181092865233838154471836837206479194188762902387867694716559
19343.79095949133873677643252227673761604089106587537105928748556946811189324601127564172052451397000051486940491860121202749421811434208686061337232007536
