32 1
1253.1530329295586927644643377198966487654489958739135603513328856347488440378966991981465247068829697909253735598608826252109913673910085565588637939539334
246.25118248846578011966449553849677632112944526399798774571563885853117055688690654840331527339482061176811634816407480528743615839147848108178612441839424
-1827.7365699844909816117761951062583152097989221060207618453505418480557512485613319942448596029187289433511370025920571480401061795182091623119029089071671
15936.500121286969192743287111839551867252932787845202358480282110541680210335772609759519074916228471354977662154748602462921841298833544135544719735916642
32336.528079210492889257566335895885771745175060963101246347248007611646179088290945495219975558325087315065135551650442578454732075276135768610338056249147
87980.620610093977202529140378416226635812212943709387641183467836358086756933947091670880466697197352394096857605294676131068318333538807398421266814872304
97077.41232381390086313587040749245478336207473068871379973952971562874894360682822899190786527843199395821973011855291619835721900453463850820560589746778
77314.20764245325909072696384892697700122977315079247106355984413165859759973609235048657684085252015005007927233352381062206710101423443925594147615876765
25328.85310577227615594055646260285568725854148660574121608191355125022987098942850059278354814797555208300449504446019810112415246034544967199785598947543
6853.6730157205452395922288516023937844401084337888825514720780584746205575421566948139974649631935936862689636665274104887594443710615016301455415984096436
3.1009555274545636198071331777565968387971864284102254896271801366082826540194588140690348771506698287864778852271608677673090782288689258803206467430468947
-12.900386868696990809737201501839135023957082669151243818308998944532823678663574059125130494648583025435383251129410859037288863931182695518420423431889503
108878.66136046325696398599154977640002817364952051173483126076615019876418833073144662870020260698286298679166702377042885324714850290220780546952784033953
152884.87428799295461175616690627832963867850861850692105533596298636473968967006965559921494201728624410806139480738390870739547053090437150805031326567069
361225.29376586119451985434303334164739429019126444076082932622816265394602839818641956012176692144189942430779025183549985872135238814269515383526574089515
338731.16472487547993077614909848532193883215145741367497765773894669206892971008128920960227954661005009716606301093135275750002011588926793967535551789083
310070.20183789911271101864062870358337724136379991616853805299113263299079015674012056303236054837647836907133285820290882975490766202723440193900923957962
125738.42623205960106989300095988102581759232980753045867929615445539260792261669249275523067958636897437720567648441573021892087470508840477267851116239361
46906.433108069650825584393138643193755431978583465882601432379073570606451619094682906275937170277026034530954653775136098334709668036227223629178209990371
6632.8106342150713027428873329633207450643187654242679535190382205700775633754612013854472339500678982352804299469018147612076078685510542452837202335784216
-379221.69150010875611252017026210783468526978899435178092956060731290747391505787067292845883152245314565649900570591234250935453546115037647091641825833862
-312501.4589165803192649670063882280046373920081138119803074463577803963111250043928735127035268967003450461227398856087523042926636213914093596508282806027
-804316.3856038576577354069664360716176352538528080434194369666775870084181960513915990607146482124927086809750601115011873866319180836369155805820598840821
-400096.46999342558327445052372809599878797767497806110979841212423134427746655685685877258926151852975003350399928697840399868120996666604527788962979606382
-290317.95080893801696687322685296175929925558217108866799508417702209046552117135889706963854714961081308420905409511431051801917855201807489361399895831363
-56570.676709776998562317053671430122530204824060371516420636812446590363475552829566012390254050569307309195051202519696196335854000336577907908479177866811
935263.27761051138876843961706332289339773292192678895992918731605540223821944243449367907697524093395855395889691128314905233060431861978509702649730552444
329472.18695711870896723054500333925134647663859834586862061268464264677820722451347042578803154513696341954762868452122462523574961640063853699598185342166
767189.16180008605811556933406579890666629891625057285211622888267484500231733873462156259183480925804740830506825165236107101728573196366885265756339885419
164284.77035367390252560382321057989568624055065951615821491781003363395300159384975379003883322576135763737474606525947046819202241190759336560092574810844
-904238.66328574926570838943238129450333519443688616897533123257823358912042913945761567400088445981940525080304861913633038740554335281108582091198989819909
-94505.620800975901864628358959671834824324737196422612759748238496243751073451302075760607406863622071090486955131829363295390128213567322520647008005798263
