20 1
-254.12038085574074076859283175710079410143136419648548402741632798250207564435580439925759045571552804011902502788315572048857966887286344733026167899628756
3321.4813466586778386222726612634257666269520343551287602950925442281976064592370970914159002019575559565879189474819719092000862617055304096496110193635162
4726.7229787472716423114368178101231552376209905156207512269106095391187818888588829612321189674119562461700302643715300055397037159242919218352054296125397
7839.3808974307885112591830106279868624970447330246582086602582495492709967069675931953116871172049458248872803846737676661372671762472081739789811654097831
3979.3442227268003902548179591271076874683379677968192865271606229272729047546233334571942329855055110424204935668492952615198975581448998781423400731164333
1748.7065748062740770890744731695217853472797945576995383411259799311705765909153399277856591849893858717303092011284703787565394466076971802299205821322873
-40.674590698112885391748054854507523584213882997001209257023450729301417114948560598039185032619571373554935758399400051139513130202327442581180060777930865
2.828162036647058881000274884988442500093377117026267307120324739646820057746958829555431201365536738093285706334020946480189352545357460119841908849114348
18283.705535313351628783020009700489434266198890679565277331408710926546462791671200340619063172336699157935817972269063816297905254350449285812735641572574
20454.630902180617032683588813842621811230455565913512956781244830795330656202459910961696000150311039597681756263216775664085231329725622083310683124129666
30438.843148161951380154574149214013178324137350566940483475517679126601895025231201284326884520564528545672004533070902147021753430854064490748836564365857
17484.115194431641870681582059072209977261820577802760731291341507202918726679903167814483781563352223044024189657256524018506559472504202320649058516774454
9553.4028880762064866527403846643750535020922657426129424563186828255825491748966037849709015469251751951902876038546123819234200932625894304741247964265204
1507.1845995534618302191817006918017649603266990417968876058676001326549407640122826408402875473099128239391914521515014861677292770153935051359779588071327
-28218.849035614908019938804627658226156181274839902158988025403666193750491605358358654631673826908635909274964998307080756629976977226703882067482260143225
-18846.042351897940725776322302257248649184101762085670660285793105679929439494992767248913148170561772027905945450492165303278627147343533238469342804631213
-26108.199791625695005846524220868720701616633019772775491041868172029414082960391318449229215495941753568166825940654697870732854936103751617550438032825106
-4831.3497590927042111616715083245115554229580353358586343582020441661417932865525480735072702424696352530766674829070944238289954055830240343955247774949229
21810.778362578946996825396873714672915536591013488011056423710837007872559927746832553115533187555078136724277553135664079629146783114943118340429801067042
1885.8684592497012134097265161897474311169065206533449469233628995518342975446350158647547023650416202771227708881329434791224088493165808602351344627373088
