26 1
246.24956745849881509270783921804177498433807785913731327285419119365951014253821190199114061461618807868750084199259160417314410599511477713113994512184496
267.5411014014371911459513779584235781554353063426314752001646087750631599572695896737993026668837254077052139336347645544249526906395083657849975165548984
-18.125936624124385775269225861593144560831904051941554997803390265741710781527140459744848222317767601438343498514775604148042229112594517528299624768288454
4.8536449529204558537763061588679736637226391217912086149431758323193465610965943281784158522157548579625290273180084310936089635004544717240074485742794494
-1.4286378985478338730737507257687565809512596401570644899223763517857008120207668868287304963381838159387265457832536138540024574626211897770717142736190998
0.53775342170776202689104644392754897244888880151933519656830463463704484194258746590495302423499440407368536039115249424414480941143267327148000824739075537
-0.045488760309038168758767206437480929220857706530361898452076213233964376168204785556512866551212257173983195082183148810089121913691281796064832845249939076
-0.0036295952963340488774120006781144804356388039270108440102701032354384919307399383803107578220223547672054322899017132446104330641945381613023155805779917411
0.0038060903247435727282852866781835237040618999580418795045078894801139339334037543402932597432517866448249978412064116639083007226796595633309440800864094223
-0.00084232042096031570266568957393150060478911675989836446642133907835628726784577912847564646746600342401429502915163984720803900823591569356201626682647308396
2.1564912387634274877709864550642830126256814790176623817492850730129845014121825183554016000928774523073551187179310882519053209264931936331729200999856264
-2.0952957565061291734821714501133307998218735542458540780909661607978307156777034689554961226530537878126286527246698074323423790480724460149762462108017859
1.0110112170347685079959129665131855117121818755287404045132264743707441358408831600278781431806266428611389035843458149567574728308040172807637590517732698
-0.14581030810732741555096927053166939209835642609661888127436950987226364668211943771246809422731740942849792337671473527081547586323107089149832270011689053
0.43730241203057217744848657312832119982487190405742055473342301486005736708063295205404135910302553739570963766209180974074456100829904933599075906958922497
-0.028327377262682667975323965477692477809375100752316014016156411783246027276641999209576605480728378000277358033771965968628995822955975775965827470229887007
0.0049271983651590529607836546357850340495996237410240360754379613775935935377556971559854262427985191412406395304939627826067230272400517320153323841148394192
2.0664455871275459975151327177969402746578392887533664848582297116119919712606872544064199480262005592891772750922555451871378682009432669066083122046071316
-0.1523964290842748910188923276515480869633585821147240823857059349087852770857788032036153479087167828851733822381498502502134423473669312763278202683189202
-0.2220759905990476625866849907262517109804563884316006776756737018890217300469284089599173041069638922504510794120507224141052030962565413163487160585181106
-0.63310162009805714280850489912420082121752534318064996120797009743000746515168906654963925186293420425041352262404138981866828403345017724701824137350706751
0.32288781292330117783946456879065080390806655835695053290979045799359052063081676267362187047737428696077200169706569224563614751967328396270644801097907509
-1.4080404963575486023182202257641793314623919038265251091801593111954790756464754363309245469471799203238509217260684930382212897986640261192849391164289416
1.3616750239596226344388664305349169241016155083802952356215315425053484710968087286294089339719026917279897651703503458397168002216234380700899513265589756
0.57041613917041293219980692477452278478915199148232224833946073805286786209297986305647869758075383224233213331966693037332786903688129655145422525795697858
-1.118368391222223585101636739834961090533563025077469539730486573800176911698739277710847352424941409288184739278283179099654808975341988474392412699995182
