100 1
-584.21959572609565019809721745559330070272225029940650952525636395058503938042122459913427466120937006919241965393694725196574867104201788524049951351991429
24304.584842129100108036691004977279509209014401556521100652962198600721105191499948821622280108926154333877860887296769522502975638643232797531526250729006
68497.022703457750374499594871659233909998129366213959317135303143524304464658081337901148555407522575377581940561624881112937356936926733726542450798177791
339201.05935860493750198042644677303160874826650345330157157850977805187161597071575990778625057931715348756698835627758341250892755057613456842526436234902
431419.08564587531103953341946485911637698995074261971792696416386934868607804724527019306061080945177027155602636169844084883960343371865328926345696878707
55010.003151064073218921698121269985159130460018752830886704286034160378563651114763509222055418536993268928048364376556101150464342724237529982926027698473
-434720.03155664549858759044207464978024040182720990829304248271207348239271242633947464650037695023490555598364847767194504027142222453869290103625507773772
108926.42305767526673296051575068752597605443129962453777464505123155041440125570706789425128780735531808434823744956389634134478440686007952951998815461875
538294.55343554243075246634323944246273312282951114393105984218542823078946838651598162138302933035049691350145681809945538104324063234528882530695020047095
-121151.14382420154798343088312503697222239409667778212300270918227035831527839473014807072329197837747406899748882391140351521480701072277463124049070725239
-799789.4557815603849083624356388260090047025193679231325123133908500311627442423423521626229160143818242948643322166011105707731271206546170152386425005928
-547963.51119191235202090737034893597936631345803484847994930922045978420320547733587992318213850180056580299813489518687089087766810798593754122534947735775
-124950.74516526915651246979028738385098642544542285370389422932890760479077139279137105469314185359162776109189752476333676938913311068267577852163636751681
19291.777824888183292560625275867995213861581524277235559788051237185839925312685092685750498648096614738160067448732385291296745904432688651307522894460277
13696.443875883447198807894588232068147920354076157874878089834390258514674829982633269981543811465657798254332753941717523324225349028497624318761747737392
5221.1491328551612227839642260567468615891572472360620240357233379974074646355633222262871112561585379545823621461355870830784870833674067776487965602482157
1214.9380361865830634243004042970132392978513072203928823689772254110816458550277173625182624535234721217903106619882202063263538687353294496840371778076085
29.364467854185860881648641203035429500828884943122668747826911060310385407931513580911892889823440368285577782887020779398969142928935722850119190953579541
-4.1478153264301034938620888023766606450969215709603650217385466169099395110096248243590810908580505156894130837515729007048525383013100083498962174300871751
217905.40927174200500780213673973466424922396267822224434521035564488347526438794246544977866958513336563516448244706794268164286388308421557173949433415079
354984.90669436760401242461764429294588375337655497595386759465353721623402441123235401134874986927860166496304235252805743478693541960670383959401212235374
1380356.9822734340081345953059386702074990940234440146950795978727937263583340022921893773981701696157922430421898714592894215748120948501277277186824942413
1079427.750414179590432184830339576303891700913766682738762707324788604329679294580732339841856512488139668259564208396609067164322548526580102238321222609
326925.99984050339413306868194821694706322540072595377999627392313151565764510279863446166968998942124734443223201500932209910220167842985756528597199747798
-866008.54002792296872478496388319070088628599838144017229355668969519805411579024937289854523438880153919947734513346766314672571798071899120277828709414131
497626.74175860587938570443688472702533396879780210934118552124272067043489275646329856083369181242426833291535570648635147167541997012541296200312921017782
953524.77266076762688802312377505966560524842906538632729145783956892312274329369005973473223896469249044110112536709590263137348240206932526100947178008296
-399605.07861304367459061292759755134218662389190978911524910346035150386861803768986332095737059979315085431244470875301943296293226830562536273554985817352
-2316778.849571338002526764438438038387913103166242985414634907543125177865695235356600904496616021940304925986070235781418613711590805010444043783244098308
-1966425.970882968366686346140844276379934539706391637349345570958383467032339051098118601596734432637868750397394653702155699986795191720946596948654446224
-794691.96057501911118368953216142157920064901359326817883648817730618393873119351026502617195144114844341556079637919572435966882889972775276712398508794717
-58390.106004100116696049492103149816929553962018531869667202508874600245414069429361735317478877893061634757443770832030010563537888708051889668086964134212
51402.100952269432511021891026943800853351427303733886491022435324467794589163875790286689592585309640565747686952357280221879356245917036123639159705455415
26927.457862631132030776376065964456385975441241917682679099257382142096896299566957481579102706353871701295490108979386203673668908189230907282913561526206
8096.7005905808260060832410833266539185422035433277913701730130879395100657299919298093957750816491048500703628367098684966881200564325607108899249419417284
1430.8018140485085593071963607453505047609668380642310104432216830647906889018130809421203665174322113848770504657643580115157512977467815300525473802530372
-1864331.9318220896687790364866472325657448000074742317174137802865276131735616060191441144585548991513316170797990700049449591550926358047534039445201980141
-1100493.8943868933162258136223105301056910004118936645385535824677821088883010320629958156545011477526744448571908229925444569013091776445864814971340704188
-3633769.1477515325312917655804113234661950191361093129512689765300915071493629199233633587999103138043367658009209005371750238258041447605175673672630649102
1190146.1982960726132927656300223013708358692136401191516931274124569464509060884033331200192881104918132253478336578059592338719543776524627781271887119949
393524.74019274283745446030705896042586143523645203869600885139866574408531327493016005619887942688996286728208698424310933296001935445670868334663009887941
475181.74788521164747359524421103048189974715351668570001902986734549425659024660859476885577881247505426842581151559011871626563509988087653414166316582158
-2835284.3320345754993369013655714406253966160956151360443625771579653921647648857774451208929043098100508001069486079346656200192013374907934722387592822165
1682760.4878035042727241277655961813406757325064614051274194593718309157635414501110179748434896152051858300820924050217381940031136360111728000111701322792
4231050.8464536917486615354321074248557495759323261167276333023544364782392392547973346795388836534914484128323150441297193960252176096286917851709431855527
4384787.940855364540226425628271702738996998434766481885598112745142123021628278287650425824487712845423999112374163100471043949627326318024984405697650321
1476374.7856791918007512651170316025270883201201835234846104857304716753619730719881118405416183751992622839747749885526990670391012564088788490369135517948
238308.42699435511889064457892105290304166424968858525618525035543937237026282285238977488618721111547161358377368887534131006523160114854603739661163146385
-107301.08210884051243102607581666226270974474237428475064712415029107155262514595890286123363083448600985289646722915227019443698213331979404931833154223532
-34455.159004646232101882253317003708772433326760630060865518597344520117828912914396684782794986703134989201551062859921188761496139558859246418560406325053
-14865.119384640251284338340996038044477612392785664314259153394431431290430030969437029746706132043770821112637725303679756956831956211026583516227629565744
6329304.8669663331722307688020270744954683200962872413523861564063266080421801892083152868370765048176229198155353683131243203794311065340065695666265596722
-389422.68517454039797586504878366132078500197492461110698794744548510161538965903213979390247394059456088980026582034514963988099601453919866745223101501381
3486202.1816137040050221761472251871807228757677467497801393415137899502315171216839519333729152613867169870368597979737754506478686870063372710860745035525
-6170852.1088379147899193065049304665826498213319524715999059015122742858750939004937706786545842310681921123381820069113311776558853432860327080123782680555
3535212.1148583751603297757055842519220921584836153453584759966122646320067440237905126022296448939732242637359053193208030720951635114448323235255607660076
320021.3816062571346415096979329867593142533526851337383663639375560304163738381225594578769346032660055452591688012080029603667156699925642403383502376222
36422.723911712847143368276827292921300782352251063417959870423184306305039453679084327032924791649724559245072199425011012131361020665164633181213759001022
-8470276.104556833182520399628418683231454564229620724384616158921693344979981048721660609158706820668522496140763980258863710266034164625501418598229427655
-5536582.6523015668119137079013297318896227515517689352704341060194568191014042850944894870217770837270086433662433259453536591966759491084605556024043008776
-2975056.3936061603574817189127093436387051277293281158937872146289453547134171936150001072743622985701701983826170017742235922817363550054663942017563383416
-76912.312993636944795059867306473107232454048763569227805086669482076161734853476320638815636934274822280375576531732938266584901980286824606334064376187994
-9819.2956354313782420464825342150167383370544147437197759230111735593373225069852450511418540504823829760363034706625911634184951703549994731167215527227228
83089.90008926339845648054871211785239971214493184918815905785536919993545756024173624566660147751516714803239873108586538314488541964229760509234621613926
-8325505.6360071661520524232522668650738478848907658980462087394431070753354227270004866436828776709932191376811879809324790306007546832655303294257576301421
5591681.9937205834698041263141864576354994342494645069110534288390959349512467948351141553246644733571231246334613278374990335307897267495448825751024150764
-815323.65078302857185379890167932082511743233355531960571021492847855629334920986714392187996906149563562625265849357469001283352575000504558207028703782309
4369979.228914277672127321382691596074841348270910646750016665306088236454196349124144289226730753159740754499820182649083482056934381852059497235300735842
-6969189.7242868995442382877674785806653767711117420649916696103701045848058800240997965996151878102255674877177615290702967257665293547269205873317343266441
5953104.8179604871067066634496979995017663864707124028442269833963354543639870049767645602985299750255157439528305604185580873649733793347690315051306509369
7497883.816628308974967404798032265016255880224593203823170059612871995468076351598749537303773956885737159570022038350745235380403821008341611583467001153
10003492.231226809056157584483740671154352416076228082982043016518051108452078064205849777745510053393029072251020565599411756687923390065191594429758887051
2448410.5635533674942793098714812936441316132977206862719780246850501098976871493731412848970381800972773541746826126089792302539899710189675408776081747115
937057.12762173627201190596529425796065741902310954712708750673114195665014857334061414330732229214105139152159856427516136337775461550015132069888514428666
-275906.10268582218872637943525016905201281580840716550203399944915798734976037490748236490891488175947117181358132434694298820029950821942959629169523645061
-1752078.5402493308293491894652316231874974827413696973475052551744506734690939607232987388241893671269747454735668100861855692747872461721087526316701085427
-5908210.1019406879312060346605256086800649506490497976799208314145383889541962291555617760068057109304205893656656386670935184025240700164220510296478342359
106506.06526098946313582702458523305946588703221800149042776990843257622446663102555544633280468016535886197616913718491361834917554051425603655758096120793
948943.14307111652327225155284872665466449684775302562217220452122107419723185109846419246597932419197161492709891239013097694052780277984365039500527376081
-2840040.4706945001866746817223576839857135587517222194773702357288455500618883739547982740067447033140654170717899426934191109647231022982276279838808020579
-13846415.15256830118852913464021824102852315806158221996727445287955338627876729533983583092302636981100748689704146546131224251320008269394433634676844652
-8701565.3365723236431062881458807875188382780227164046284679343084806873531597770775337747724107964848689528908810658698406100742926341873861720922052740205
-4689709.8826464322924792418649262033854538238469383423172470914682785640078810512251598695089492286412052836794629835807738980765299766260292433231717174638
-217530.70397984030986552320806695497185466340223550133361182719817849887778463065400944772244700191683890233706689201533918571687345165212226243425243721998
14746272.735725189153544169081433556248587435622496826230735241057621633707305221428751929568188570215700560374326721406242355946506149476051576493564947924
-2589641.554526623196509395940095524854127662263978524350427935862379007129342457366304493765564178957097996808638739842072330249182968686636015391380611682
4170827.5327259403345236238890478995596421073658317306702759201989030351153658360526509917222000978497675374849399684654018140486511783825319362681438100663
4577394.3676305888227410360064386953500841184656590749683980270219446583622534003383077235831808677420281548269826775034040648338731386232285134691042079165
15426525.59992122883932717914466791537072005761455020163054197616294753353914849998812149842597981224845259792197497637203906964219060020887734916759620998
9461761.8135254608049921936631208821859917784004258365073638875178559773415833402636077584328946534286377571038396643083619126465835042141230855081272640941
4040978.267806128830913875448840557536124879390970510399021348978484534108276970954724356927462530868387335408160348840419079009618745924567555407826702329
-18072307.383878027121179240286283595216439868168738285615508292123386972911666958394990589287437296795948791687900594204346198763907613197942353483574418463
5136406.1526598029120038078194775181151640144677440389281600024019471354777448683325796606995978611119927051217818575574267358671406931061931709382236636515
-20065341.006831444842750711112786099301444751338707625429884331901676947755051686688448298074280795607147677459652264719860253295376001078428050994651026193
-7234523.5267840971792640031136231634562515798735149546599803715701511849870411975708488745886631208849516905434862691004087184653725239835694281260542505854
-13356577.74269851955121828639381527755525849744569412180374915348911980951907564240508179068922971407097866500195197079627845482570202552003768744208991201
29108028.601227690937781347046684161227649913327471583463313759899608040199481488825267958394503583650001236965969447859932954767749345168708894265326607857
-1462393.3340305860915397651780416759058086526886017698916530587239678869588776416445408018724411490118953303240699668382877475424931211949303957404283193699
25058321.749846309237034415444134984788224863879024873160509801572873522538991386534834562103196869479475516873707493365780910366387457727659635856570095595
-35186420.814176605143755961841127940834123069009589516382203478388773498833322291404933039582764354814704865608423286406608498842461926096377262570653823458
