30 1
174.87482787221460509187435822055122950711585871202315775911950156147562312264662128260393607015922027968841842233711503074965545557470253891483628228723917
147.61082121389214297554648289380690224319573170362495843326519033199715840885582115272251605446405939709082293163701196590428096237164718536114927807655996
71.650260214073905631890044812361886327077335211483896755872377310900779486872555555794422119224631663452944753427219452692055236351795951824506203620819398
102.71086174000241584154838966073446173615318516791723189915557731342967523610682586824255939006939333215793103471394374607287933362091916250426201428016496
31.846526763273604122352556933251387376715058013802897745462584624423467118747999210339369324016393604007741015380966565006964735516861862295610181380680303
76.753975735138783268903803453734159374922518128918023745589117069891286188528229942608526935645901145858251781187451880735784738365333046346029519761384016
6.460404827859826609108951561190410206818284164249261291189838418124038975783112759575746696637185345720718155840830691162593998801380291906566512383632561
55.428846306538735218115140605579539089649825321840790475651516423409186177119455684780747807246324641315683009331173164732899119513628411329052948708926117
-0.12831981584246548709654310334004509529316272875605270606802323579564547431063342253997486698946286250857167420180094313768867135107378543457608072458364066
21.841016770913537901138701962400106706445396960916279804808304798458121812697616914254246888105479933620271513006105121890298469939485839113693650085258006
33.451533952076244699484829751838022205063736844143821564778353349671292028977367022243221135641184990922103943156619487561643419849821573629053038738752909
-14.146801019068084046310510940038235491641436131486329715757662173894927155939549477382447579117519745419341105712660058878985842229924758958579157884520311
32.152313519353639248091252838174639109167112250971376056818637360545163307686909962660739689006844667758613789779177437791443428880260681947544569477922544
-13.344825773389632169587208377192982620838628520285210927388499960503363128303689881265292691803170436563242265263295035432872573447452650851351629092419062
27.226287196129570342413513446407612149304039481652900773312573186365330110925418861978067164736739277654664799702147960250149394408562728607028684356231068
-25.650126862921858896071167423921831776203789936824106099897458062779603407362961389295567520662847476897302269985135659125976414795506352217653936164791352
16.326567306445168710395749018626141009783683351743587292342014034836494927124318211467434114852479904777402506973699916107041714391133818119611669453498723
-18.61352488631398869579790020639728905393264337629832080982381102886975770653152374071849530935770580231373728584757109914294092207920348140853838730706528
23.256642655070076023662246175529198452765416493046138202067267017563366464528212491878371455376052910106624900906559722143450869001496790783428507635257377
3.3592843166860200727290695111987856855477881151222842873884887007556104331880781058920449637994016140046679813881186108501158449371709868984632848632830556
1.4418069443270814799452507137465510025041813798786417005147013008091737928089164025605926094379340006984269349312698825027933344707285533644637762448293774
-2.7457869523103875288864584056547461694940036419753004256809974884328277148212996974877345210721968210796755784236547585782159336564080841194459793040264724
13.11268492899137907408385012098829075044773306950499936489471747470146690501374313035859831914814588951057507300036971938697849118439556242976205136954993
-14.943603649563471884462623046275571808106106967440967871270290283492070605612793747642087587487233704377241684600934690799613079026215695041749954535183752
-2.4272765243999067825690226057582078376227677843428828652293127010126816156532531768591516466109258419906168045699006665965288086062874617020191415443693508
39.70764088259606298044386125019100688916342231258112218990936736579858464077288301265787126436665845384346926811108450236126625826594163796940560239041467
-20.66449481618188910922154993227198573577486773858211046821461678718668615374483073476425224035052598667126350458159403596826107241970611623063782920972511
-16.52651730635363180409908055804399398153333124361095883255578503957398976979199515705807083220616794875500170854109932610711248473888242366963797581295061
-45.553320591961731431632659354855496717942190667249464777175700795771301756002157269905348157161418420912479305008874419836069620737106293431769764883545301
18.938828960358914209579712091896352663406936342870301939677675476289086240627016838926239580459666464524102201154379811885367400529282688573980560965896767
