27 1
1112.8537250901305092851883437362229492029208404162798912693951781591312635437914219320370182245335414694806372282077942172560023603214844112655359293203539
246.28865477943616407296366668840021639169496346198087301762591704233244534270248498942087065884271625208419181328040911974130070385435162542847277595898826
-1529.2866857409323966607991284616389473294826700881783642568590304029488833227495552324510217458376800061060561314380377079112803201154593174646509676760843
10870.766870809017891431045042810604309150266342737805446441888983739169335932725991533260549648684138886218198897314935162899244065180424657404964299612449
19849.736026838017405404141662126446452761632507625442447916560992234842520048369985760713467740156082814471887102095889011722111777204249510056252694440324
37830.027159293895519559293746488422878134753684926116994503542743384812790459769721855515475478384558342871111564806964387393208078519065295020417018057368
31818.644060238758567797371386467241252454331170578299480579760502308759208035668099633538273142095590555999990799413284864392357658114847740453679576822112
17737.589432511869005875958212977504546653123257691221972600788154615089493930957793195018744942763117812163866190735450090798978280654025558310891074471132
3895.7103493447590826049088434552918513007500061222479411794600195394937464991132642763503395841127071652126500626995645160899755627409742221717154460333903
346.62747185053488480474751071595854899066455082401226507421066960109345742102182370546791082154537804777869681234072798904311031809412514384999853277440223
-66.931265119755640004104943289047109495702430995666582578527329917265193748010344365057285563575485290826104498550392180650330143030234947395360003472397297
68351.278491554524570631219952048235933779083024254646758019844458514872606022976769588068731731260485296516107941758821920752353037810885163965114892108354
90462.886824677880053702532085937550298559728609351085486754326182048272080236000608569368855670722605971027553816968783467882195730096812884539220637099723
151434.53953561549887925083093271188225237145363913814293313293245086463272549988687923616913019121805223624999287607670053967914133635846650811754568659464
121388.75769246465970666010219747068391453092530975400506151276541634352664378814040009987309360437019836346147369225364869041345327382865290067105219410717
76209.789512397859366264137436748152502303517387810635227744109522476509593755210395751414481562131611071607867931514419946823466077279440612970669562315549
27810.678414788717313603224854237687306698176978574390011528090714070521425756604598243937300862268142125631586331409342809833909739394400738966275922008598
5460.8754623352790956870426773261140770824047979785323017489658773573747824194330046205852298080797827443405902815424168735084462760882463846757504896010358
-129709.48522907710670749483638190421805247619566029687817463097936152098374146820236729057624905874066691606087034840168305209219334655626474696716197590034
-119221.93265531015037063267990838048008029421175445790418767316583509444951590636793120686424286967089544324258060759447152007858743350904461941743324786243
-206738.3300124450831786568345002138145147279175477280707704950185347140656474474967109567514432616560223497747873931076135917142544122968709241613443184256
-123837.66814080406319278133285376590891228033084926782431368066196472813103014049000107471809158792217492817402553855608028348556320749478082291606957342546
-36016.013798767690607404231070753352607559516018563091068073052524285888218427474955235897418617164998675849164545128208753200915012384770012437258893818101
210816.36600596184111781315201630084612664474102098249330728326180390918152912070047662119974518443710814173104042354211135652898286439894889560586974028003
103567.56819383705163560447580945163763057611073155800659715364455789676037751462046100626753135286030172396195127947286898595966633628496663419114519306441
44048.627024159717514783800247582425571560548253682992826837321031003547401518398693892139204855206197115339279698009620211245860132685095250342491837582956
-5997.1486410945988796568042094183664797928875718319729564488182135754168728560111199675587815007110946329292439002118413712771955979044125445650041127141606
