83 1
1995.4039450521702345202253751806614082797982200710664208970265354388532607697688024928447695302089954664594242071099422049346072246285344390873203923630854
246.24969687907354922145878442327117740602495020071958209053683615636864496738504176775695253071344665830772108683226509527036895153193642934349961921319741
-3689.7604045040488628919178524193834015720731402224918040044808424417930880385514846488134933687933922823335027570326773994910040180541559242798736028352182
58099.947213777692799511172914327081176467367983288750705331491537217216915771886694140569536471496003906053730100665055881783963931722790558414148427830016
165387.140108255674071588199352132989242691503038706006215257459787533797300481192388134988437145248382925769212048550691611049646071454992013816522672721
766513.43203089038341447482439659582111490562992266707097927189012861269217247771668027183274109151694201337008889527341566569475789722808157576555191652195
1270982.4429249084155053776547779336150376934261376921218462539613795939547918207791244523207094216523970002535672586316378519004058075846487332883285812562
722759.17755487868612892382916399825896058198480723448547654520206592608035704195381494542152916196992895367205070184377499696588417209509036879452570124802
-1339495.1127759408824822854180504160355423719702223102783102090986528307662239264825342678090133545997518002272689224911242092277208900027996177266662212128
-2331492.3127495780333687542463091954274167969553394576098890879955492230740589034312775333564243252230560064029975765598774246358151395690834927943483432915
-1268863.6366953094190204045601675874841951471115661315254169503775110630853674571127831271103173889873352683442308826049126373099316891298563895572664129185
205390.98638403873517388385380424630316716293174959428487520537483619449945220315810452109511210864551270991461092218800682393461392825344153245021387023631
478452.53462027639966202077453166112762107989583704726613662082214977382011267012877451129351022147790125927807428732659884859760291714757047786135566585185
208951.29227437162702506567160046493675855870721514637370728046726586607059203490882935103739817105953171799761519935299133619564059689779534960600571284273
33453.370862250519661968544240280553346322198846477126706321118116324301417258773520505103442315333026724195511836248559484680122700572265618762362361165685
10229.151574387577367212846073571818122455141834310398757970255836752122033998746234639427688857343190972251122688706018894954660382148642312494236411517539
2600.2904911360392851812483550243196430027891205552248868137666206665549680502054030488293990899043319962479132443988364131425233443677042986486265106977997
-6.7191489638200999443291161071383412044325929915997104414235394109074948563181568524708963615763466213540678782911345122062710962260446957183011796855547664
-3.0000850691554276535082477555585561653915312407986602931963851145402908602621593172120826622971182172869722991544252469337746534733070007657077997460025338
508796.00429565048095967896792548388088166840149465641509654175802815985639038576159018433908759667562322967607904840088069155689157465202930453760016522963
904077.16564466012072358018218757885525313626706251443850897142516199104855634430835029199175794715936829726308937290093087572149232704431937745422342264921
3348476.5384867033937882596939438772705261765392911589628673808881853404411801864111461425809490054234965827658056822200874896374139937548062036112552804571
3769380.1203539602004838466906174523024066522409573762097474603468620986411167664302420459036732949282150772202934045368501055970408574289799442610448369105
1785666.9191762928765695134241197784006889210170201060823108756924602952943532748136229852275500483235022570761331316973582138758068713138116500796472511394
-4506847.45452250814992224277372513626634416590269095791934678234404408398631134510800575569111179677872618149394270828876462719525860581015788475676855705
-6948556.4248669650658897496999401774378077984806380217887845936940096011172430134336128811804147930136868395809858161089340880219536300721485406864164749221
-4783928.0738706859642520128822971851719275202719773538599485988343851501889558820063105383475840682056196438577380709788787422873583942894180574053616534403
-207533.16190307171428591472253493544305658511561121701108441905803764606256582910347962549332864090677495847402967776672052179720958277449059437756260881178
1306962.2847383186635229151142565681763558461944396647118183744147273353070516068566791729621744739947763137529658729049270266419890117899598610423188302839
992924.97506393560950678878031231168482692025703058267593461409583115324891142463459467340538612589904060982688690712802233758786864102365509660941541558641
279703.43468666040119790827600851323045990941323699765607242134460799933052971480041257081526258654497790881113105681525221699498001658116121461547059501444
64990.740377204369848789373055080259265039535440250339585741361708249633323774072753645171853327499887814570149562079541031570683482112569024703012565835262
17072.658732613602639528386991992864450364322399283296818127100338979495525214855166382291107736890854498003791285041023300176698179436929807372771590167227
2658.2866084978363650518693270033635345008533493337358597632689083313517371638283351390201765430149876458139460427233131419086809518535218792778152206891322
-3987248.266215595314376705319033050175295145040702077431879031946004691561429298638115235126055599824087223806837987582646130718681016757907452625683626801
-3350919.3399798669513634105625855447153280109883408953779236053947044305763906280103456751857909568134160810808399505821408735763636019871635665837284717173
-9882643.389834593912113324201673416336672458626065116726875679120213913987442129539576650123255745589256169263421644730125419160628217931248389327098695235
41284.452304625058998772649699867563749114590149927226009637409441316087873418072270978627808043429098810387244914077995910316833171763310125404350804514546
7124526.9434064680685935826092285370299188705308547568304765760890111649526956310962974075898514273233934943734659699939087273077060545035851637426105832868
16749464.551672989632170050266257057062489470273050008370279256786227820342288849457087389846722545171891205527992701840280596311370188830752169436993008714
8555861.7314805167887281040325475897050564840900448058414865281329487278160946202432888154248373994700026175596715546173505877575712325130946739499695859426
1910852.226678499122618028808403576844955143049919083821719635377075363505762789102570392338512557738703954606690945134680150143413067135107271918951536527
-3078065.0567580700164959955803334531990432633579693941829857871685152583880257621944627481667062828236803431707030702274927860593837885788434921438372128752
-1491682.967653241918979683189327555171873150235516165289694430236532851585750040322131974337762353573424480611082045154770758456736575400331527003114100506
-570306.07194674209606001251184240866896750762891642066914812693226031242328789564543190246736304963816820933395822222393721567509832304537819037239201951563
-57413.44667061631186979394315457821113820326136323189859814623571488995450435346385820555498680614134777585583374035173456458411810312648643338798248332377
-14624.063547826902540031183043958891515244078949252984831368192118238879170091142792545345051296610836320814695149344597063444562652838603046277614131900259
14995581.849876700172206507799119647639817665115565443344260919985895694677926433139927098954885229478330881103832605296441998218768167577124860947769971098
2529810.708754072831229765310481107819062323481026879310798001572126195698081972099121810394314525746854680940450685937369852967699151953437474873476390113
9902010.5759706590811476605123735353211364609621336209224047310884855017718330784106505027818618247083179812708216593567277623318267502362693661699225431788
-21358893.225024399536984748433821605918215518689651629212344247795555580380336370007380592674697718834213909169431223343512633748115053839896059040550030956
-18008740.634564276007736708479271180725351622137044847506470671123130296091061366259920969040182665242374818077655045530682029123766104734823804580010101404
-19461042.015119328416011683411464883863259139439775522630278275223258125560639268125515274747338282771787814979546330457573115065507703771039588040087162122
633518.93622092151370701321733959230734396518963348087666962838562861182291373817520061064990307761054135472255273092579351003628853682617493341350918411721
2117116.208241736272350226719792582817732879281137560319496653844017686910095877283417741891381997340919526931789701421462152070523988421201294418960086214
3144099.9873993020345064967444899223797010416762265711493262061198506574523142307419632090339102506760845314640398534152128904230151226067944606637840549104
367222.06654575193731333747071585167672866824859362425623884994934829343977777588303773479022058327358046471718540057597799388053286298361802846234374838761
121340.4410056410617604632978453199348857515941613455776744272026939292620147202644663751934319482199651143184501003091950959017411114918056518484497071592
-26211846.384332853994690091218268079988337811139576309540866386275898456274570504073110379467667522754767038565224500436825831848908346198869283184026064311
10838645.020993748786482153572069511194109042238809159489660007951586986481458421686478511571576187605673592644857138213173120547635175114494344304473905925
8632087.894963839701423386786763422586675740949580723811369182453596239360127740368941149744083237789237452692719720288679912334925784801450265659991330257
40386838.076353301233675149631836519346614433084921170698265637008982201590287800830976470464721381133193681547871816995821885839870248308696005010081584525
13781008.131793227337324924149118705170465732251831813618251061934286991310338313523172219336724377944910119781490930764350827356089847564943447899406310365
7185902.0778700171695490610746549173360138879002062153519657052376975796864100184438218252903002014237566822512121109059991676782903752339871035759545242183
-6682601.1074663289352107693172892051078382016047788640377473103240226888452087712703216778366054298484840523301676681645515843732045866482417263095456325903
-1741352.6651328283867755733007793169246865370946137610493892820950223881475942590581930996599393401989758173564529903693647600101483294452958035806288737925
-1169933.3892923197277655531278325412666236967467283335739025325617392968912200957318301098705988475460564714781201200629814006951826796530170843956456299142
9265988.7901103965933404143141444283503923374915775763215931782663395891500791475961499398400738465377754197742500685841094484751334201727233976561103494763
-28583512.874934095464340205710374341277292850089016786617006188268060208043024736028851049448145828412071121599814365469065091631464781031036890738157960458
-31779640.842806638564544655079099606343786860551886863751892550317290712507466351598012920863025463306797871739387740201499020073261401018416231385924055285
-26795627.684028030137122209868892498264016889160827691404699345213860217180179344765281832934314940723760132443413277109875389255701664359770360410422656795
-338149.78831822375949334689934636371363898595536128665783920170932245576870993125166999302061657719080239191142492768853345506760900435937056678439395483692
1685784.3461104172723882683894010118776225687776171638306691913037584422027822988710481784068803862795008337602541329740614730922418763286692460268394514093
3690700.8855005441643006000689894491620017031598014535119625876391989495070879953266234089224608231675524204260649710006910501242556442343034429639225944438
33137326.924040917704227044497412433750087989299432750706587817637244624551494840645054599722970118865093486691214226637766501329717102390675426714879987863
25703443.174400365238589170557108567555617020903906324528941699903437694114650861279301744592569972186042572419814084341504564726520857098332250749599688617
24856543.160907686714396340506351745114946818837701172817171909628501606739276012697721230794314148741017801522825653954106707346738224738323284762023950862
3932262.5883557019757205819672316869754143191609377314643841608581007781919462151985414853541533184335917298826433450558699739726354922580600322072153428164
-4834732.116841405103071245260256123218755889571477824813296796199593410815100991948123025482151432375686211951557216888101711109786874486555725908673497283
-36849549.744817414594505615862253240426973903295166254676918157922428424061128909907617285311822159088726039096338002389161839047325250280698225084044461409
-9899429.4408054824374672905539696566619169041448324803961867397808438477167160143324623387618969695422348899253356027969977989738839519846620831693645401872
636974.95589356520007006681632636380481894941531201106676194487331039645476883656737601213432832282109887352741533357289548081473138673825190564515317808245
-2685130.0144668179485849215550510869855730821284798091908162285394949480397401591866346742365487082774995410659044267053517017737745701934431404585439305193
