102 1
2099.9923852601906739782053821772671475865489451083371128261711837882474740097143125206213324323360484864111505413058006599581600513381619348754850640625756
246.24354106421470434469250994147063230559332738072906002376214365815607972020194769413992601255503172340017394730487511129272307357161269670281868995540156
-3976.1566453492725149400777831772995711695271352295127704476433282441550522538771231056939364122068603773806186136040157203088201551224366682806064956664775
64135.096726333367091208874038577200795521131680046142991110434243701949966700425622068794567959073762314784371293718673197668745918142191883243489269900789
189575.23701490279790703759371283144595665559350610371656390115644875608336642400616000603634343232007674615431907291681514065225371780835261941376913411871
933802.43661404937680750587683532538229435162466895699227954815170335505392982134277284298379184125289574607767238912765342208260252469840055383972066602315
1878264.3081476926931147663390583073519512373990362892462689909873804019319913955976661214470104239405006251995489651997239685373244241089403981955326913567
1865965.6091675653737774167379540401736064526167852622994685038187036666336096033523431749219973324213278780935134315600833623361915861483696264685267862999
-1382723.2143591612685293096862136257139544015553972254547420959258150517444857293602894041759672042691580632357072927976656737052032973604156413644001032445
-7762728.6381924200068800326783708676739952435505801328067353563669596256964516420285629843684911605263405309590739755448642045784581520178272255441958037491
-14205077.870240525860127411759889266760173509800532651358939699343084736545365638617271956617661200515643302211430310731759375574711637682247247817457430796
-15307637.123881448874928002568336420240397185100958530798357658220225897056309090563617246775210632959826550613907045594726216411657987839342797482117661046
-10288665.948078689775314514562807824990330946587930224699503699783149264784095830677055805678735817076822133392565245232372597039025283688751653354147792612
-4035843.2361532892816692666199572089042063746932795790252230015161618948431292141643162947150954863464585986605688480016461939401532872147926429287995135695
-668158.59967001368203569279051506057247461328457271147504028996920809042619203342416525639962935806149481829372537668138376861288978478776347055441108650925
128475.19704223121156825736089029567182565139790489487690129610866771526602980670620998518217963832594994938976599086110389532847663298127042535944412440659
66090.079970152942977632493302493110286681347053420594459652546191553093548714268621394091501335966784659803560961997913217801942994323410702487067047749411
8959.4082647587602286950162295883187482095100902697103894761998489228054739771143499964449359221727106997027638012000885579793146944148784129072368364676373
2002.3095935857845164982154301641740907484518949337315565804250296147331031191484819491257571479557682533724352092399631042046112822952316563203101741748214
-53.661893410873295058138490697237730782948559270136106127584101893391609538493991081355405276207157163193619930113288990131289803047312831657589457668564839
2.2500444549462188846485532543009960677530506321182700249786717181382678974258298996784304368975457891678304636211616368737433517170925374899680725517000547
575228.31370891968796146085050767013992951539505432118260767637780050136986142444058126274378695006643656490761424531651473515891863566043045588253363941965
1088208.9438732780733027620732073354606511809061093857718851095081032436361412570593661345864982233617369865719070418581365230125274593183473372430997829824
4354054.1895213138661689733713730552413893713990706454889590385535254440176625041518273803345346380829596590841743617940458179947296049490837088607107067625
6276587.3359369563753166332788955875161964509715361744323327280714341131997504709300040744369061969702732178635672911877425077248922919088043325332435058716
4664906.3074944173696606962778005710773054795220358688078672344172222710851222657980966333408295989948736103827681858975608265657425432180991398741264752639
-8887879.3153057531968841200735323230013212648881602595456099675732019930427420455646908300306852581391705258575991230243491668082642198275740193391784412124
-30752866.729254166429982868434159177807174660101033747572522522053105189115725235500913181503188422023474071336416573524539853485567808539099022185202393956
-51565833.020251816416580687129173385247257377196839384168468095149215651755271290958464921888010265867761721215045134964843256133274592597044385772972629536
-54853731.389016569829261680800686883642467349670652269386493864487398909714335604762881014559282832282259045264525316994361785785285428829235571513791091449
-39942469.525950723922660670320893797383968666503755351164763280853795893254294051206022302798457398901065577381412185611465205854061733963895012670394276974
-18913226.631175530885198399132985389197652194451309769529719927044831543564873113872676888599845463779892615328166346833091962206741468623251320123188249089
-5237084.14562821361686330842899075134649517225971511216228456825736382250952984847514222209418585984888346009405018619772349509146261672814642654641624636
-327269.63552521203149781858566211122942308266642224328902186260181077087640234399812647045740044164736201831081126124040532064045080718260949802702377528954
275933.55018595908511825981862904601677154833881795970544037420265526389766848276869461685936631096649489432934968191064156208427955340130484525664499336125
90499.100867178054212097771463489339749695420072878056980987065988409540973219792124945677532569870278512600428476322841559719939705073301310940292032994827
14800.695360496425580986270914576989648040827009257822083680613941389944827619633870245050271875229465809827271038110164740391484400884361469483579893126415
1743.7642623701977419495704784236325984192977665266641589856658301290770155112606850421473088638728813453686930052817759095017844868914682828282230353250472
-4840835.6269838908392907996103223202808651978369538183837563899199821181400054492150707684090580364407055923051340198821833052154506123358293638881782018518
-4805844.6302728050437262880760916649670842744972165620274012232462481917593826896386908523012184899718467910243231161252724152683249086535985657245482097938
-15350406.791865979493516659114940785965768765189361457163030209144233444560353999490560893662387324307563262404280403941725267844631549352808932749729728974
-5207552.8850305676914887766027183234658881955354102033839266169077228005070487403083216250598184924811087873012584788713058003878323580802330877617480951016
15540619.921428677741793600666626897297673323931228164127553658238590109306479372995004594403017867670775269316987217376487767154213143553144088261537476596
65017788.679201989617704189171925132095161038404150358284690096440776092215412378678432425970918971721994808283475049102151271309549804009182875192565290355
102208388.41129102394045343372194027457332344850163392751008144999736064266920412071239554957679173949802152164211849520159733267661308043053748463971541891
112220134.69259017746221386152636477801151183233164396915526989736179812704901519521831921731888386166844631219448292325898099135390668096911250930995484094
79704586.555425841801647063986931962149181521116419516567386711933492481293848750358811839617757651638255668769100340956677006109708157524862313633958439953
38961462.97918593691725360721005274507713117099086967341118847441561048668345905916909312730632030084140166554695381036787598289176873802680754291105882907
10529934.750144755085544379230589030875983201240876685569823974494035391722445602698467849379407683121390242760978659473382705189848538067171183910018894893
896482.52445500995961674472302037409991359409617810075496839743536745680735377005749168948027260480309760281043937184851259027763621052006142003132238575181
-531237.9014655190381113689030368081702295222043744146387285996297788333116210935586804777802148768916138778116050306465365099327915460408108428644201449175
-116588.02629897402032232377177130439076106472029911763989097930631280353684527768648120356448980841492122677902778255632297047284661770421715735559110844714
-13885.384682140201767982100897488047319027245382143504177901044568342754347202180513862985646394096682227108519589156878147313901947746523714384399557969336
20326541.019744212182119798918702819482108921254955029757742801889386759090161337182496314830338911500599798840413124017173631726960915199731259708801555738
6761249.2336084496344592150673985032383078205253375233689276302605650817559226616154738805269739711683821014422121449958407711263504499333358944211884983435
21216509.828736998612955810225094623379671206288941090961144925842165397379736462872368847677535214187263759305532031493635610805734429931709307229814200911
-37969965.388143730868325094635822111387669226166888476424483262234657759314857932030929256910461281333372146108321328818277188467921065263040655790457107042
-87188890.425023642734315166085603747898751393089542770796839243229307345438628188024466334063257982677163753452691135903060897695666063835663728637116848384
-163626950.17503192665945950334524470796640818731746308963071188689141116308807598505397312078953935620361745205610800733850252164617882741433205366641160716
-162469061.74787415738401470361173121403165065448794588820746411572751138001953333012441231424192152120632248282069663022050190523207892941062560642479051795
-124785729.01410166096380492799962995512642316437733456425940505090986784753254642379555011791185806817004015871748788019203107128572560746189205937065649088
-56167402.347733924080427497759354135867863573059062184023288960777034886568242137676794104879335098110260605339644534228791072520831603548846930383033401967
-17561751.325789251758373775469068562177961314199677859959515897535140983310074696129201083176939383445297560438775806101797996221293462796983776077408306564
-719615.38143239869439429253241859285847929673852091195271340804412230335765174210895950397638217973215285492778665628924166165983758100230553302100688378483
380220.90288352665024004316775424596343471414630478618718759914658704759545056238114937028550454293457104427839318430989015001056291466455295919612846759276
268636.94502683591349971779359873151001389004817008901266197678580440878659979392818164021170586956746970296722925958538658425495890165052599963533863159432
-44593052.492474738210461143012948703375260917276256308383959803992994327167090015301236115829847853254691287221185160146679737987132754012876350770012642067
11158508.286319843224303429392173142648305227308603789034279718079410766583648003633865727729901720767470090448319611648636405463310766107059855104136080864
16189655.562668138824914682652543869797030793678831520369716399374390956904418892379825642733639344665687546576965078526606893933837974964302698011925253008
146151057.92757936316699703796781116197723370837133570593209935496089638325925591162025469356878774577522141392966630367092674503657544313868177204183480037
191723645.82701023910916952717058400897283337910987416785907686448095427631660022825750017433250255840779475407871535844635715180152856676628178831139034811
232675385.06840174526913881659666690227893716828231825233715103125701531135235255292678506350254064241641334629754119151202950359859056564692073944402993957
151414563.5288625329557498663535150614395254346808971198267368205064052049075619894680370394748508172438124362823644847045808196584905970630115045870021057
81703518.694978036921672563599411839993793674235960167436917587670058098756606739862042389881670702813851141601894366804838286392886583718568891677290810235
18059578.100570383451340218064870583666856477025908348744397210821308543740964250061074475252682926728142947717566358830773595039113014982323665006656331924
3267271.527957137479008251511639283032295721619608530368192136277367771144749579860204678330664421889793961572952811782912969083311550316663943058741152025
-1328812.3544520806196033201380972249596003274644016521172915941881505989517293822559133396210833580149062532313445378451577203902270032271931079995257171973
32949297.34615466325751099215768015251446388231804552586186818424746360344929679369745694009049486605646103661556355030495926826877587707629881444829398221
-65415603.330795057866288708939516678267400042164304300412883816461746051531045062952998898142083977033424682625394097705402983565231582770193878921197380808
-135337777.24099654814843170807747935522397828730796086441851805564798616866197323788546581380241931241448243282257197058289119550396024433609363967313535635
-262381558.74466680750981961077488434172097881581429088913241292498366713881778801006173538715345145121071704275772292071028043433733400754670458007642693221
-251716596.21135211647461906646202085199088720501672798014964606470439916583019587134828252462399344836115081508293595807730799238181871906300780633078072699
-198186095.32593675806725047088400190148374664500250582998203815377801926857524770083138815156986699235580609725550780007330169121039390941490235901090204206
-81943962.128343240064848923299925274227204800601413408510997996055320633371705196637855202266062753363786994833380633429026259872768200233040988708224030508
-26740772.078542083770187252958730221660011606159417624506932770736546639050393365545308372951925519614829594170478986439203577625227351572708428376260104426
25031.272927299539316777826752395935525895845736758234279356303257218670994892859834829360309825213975297459439980272621511248299778934272483020080836599069
88797409.180217986379408448629372661979722121590169885093046906753368611786733092242918113737061697982935834782635219109015511528380197023495805882039481555
131040909.64643546138675521987905518617645889076040944972565039470013385882281831680131706335401446757485116067541590115837033740178716444162235079966821019
292793427.83428764584761599841184924143737231432427120525065773757976348509498221127793326784240088055565475244260643613753101805608267021581792708056559119
265942308.39033277617280635345396648710416389732365256800000177328597916438491840336717976647043733172846834522093869931212841875842070614560344290624582545
206933908.8424771513507646480530305120237298157555074490871454936779973563304284594606407412581184265877615698770489368214581751951347459431289588902429405
82182145.271486954744244132144726223811408573729505730740456173014448924910271633288576731062207134223085925958650061274014084768330940323624484984284984983
20118768.798904478493104531326938834467691018949555250962860991659637285999361138720631350376745254105213688899143627160368187351810566969001014024143546234
-300655562.4043026860688177066743864754286661408981582570176766520601404962398766525105885462655410079979676776296724053942080494714864019535268856667878163
-142313577.09238683212578423494979161043501679168203563737743830335200786644588455343187956056224102568453434196563611361642103865683375668945348046578486599
-340437507.47367084232227483522725685087286397029213862048238251150585576759357507526070733511534031926438294073722862378217403462724456595486785307430311504
-126436886.85606204227299461911984433883632370890097159580597245007923718648456241148467993779100983776309251650484197057379163363525969615966064609785207824
-82984485.99089871450910414974023719916167313057316001699568908059501818275210615294212960894596765620766646352733375294994443509435445108243799525359844258
404095986.05316206171726816223082756531430263186771513056144762875788648672425990812910247005186923854280728331505887200802137970855060247981626869549337282
73132271.415522366100206057343461953938581488996967863702095466619452032042457740172633722382941089046988116685299341605495742241051595665089419667871160032
168045135.7018739749363973135285411781582155158864844703720017569059813640386709031321317753447989346816713689241477687482656716179224158382926406256251097
-206115350.05636429292537240270981084543860235642262793595897968293841115379647357293661246895781245676484605356665206983762736460790058499582472664265022819
