12 1
143.0955577530989651593027443321215274083164032424362948751280591260601943767856119154342836872649887432033954055588510067445171206055672770815035489150605
149.21072440090593146719892558214328674248753983330026469711490422081916657899596228117766036107113316476913367433360980111129848141934897421592278891702772
40.636310895613440200511189180156078260148008434589739039800244306582052675036092432543863734158347688964860389737484118718753455886321908316971419497345624
92.936143113787002991020644081026842622048672685940417215232107732540019618665721110522787870756345565575483126844339640507017637472260156193579414643497903
-9.1872808947655332237830454315846219080662633076818538453285417242426262208591041510162461502237002933561863060217435849163804176420559203092467410696049437
40.539426532996779550681108731730554079707360200239669436346854803221136362518764917033795765987234143000423324969973640252138748497135780482970251427093153
118.55531525648359831094421622731210149281049733765078981366889294824157577473137260954245067410392885336610399340357776853054504460849934636620431193213269
-10.879708088087115719801680004732872613787626987839251183511629627296506621712342032831506611709750402555445328411555093729675088674163610655578911634949692
72.247862345870444926963957353537906468956675472026984591984710718591451155620892911946681340096008999523963538932951028477760668298855603452482112435998049
-66.920037850545272286378595738989798860769105950945045993334707537367469882388900920760876338074147571404503609940302928240536763232760849626698209412926237
-115.61911628809537667396377980350415029331448538505807672357460766440445601314397888435698677763713356621123529437366085907759528029423408731054581461358647
49.726363854168344544022865922679288570093180888444003689904026635511780995507042710333924995405983977219700907262074191343384525993370172919165350662277847
