122 1
246.24956606847757963237625075539803900765538782184699250626537214614528920789742003035250964061951465287061181156147635782323698446131060030199918562128699
267.5461669157807143057485364128000789930691382418573820934516095665903707190179160686564690261460572247093926638762036028849566100629859464900361310471238
-18.360932627731521492963815362576180619941885833272703278663421699829562841654467887113119517099960463264433777979130309229304456579250094423357940078865442
5.3355246156237235640707067054920929447781021356620275848957294730589106293071499860085475397365527861339408570981261199430531614664055922643546937879370108
-2.1731066394851489826810950988145977566913773111026926571344176010995925991326025556550274157042088788884503249815042971148151870496110568970898104532535794
1.422282232512621558953140711786039872998399786236658871117563290213231596221816878229875416275010295408810287426344362867613190087474284518126762832384331
-3.4330259964281972568800758303251760065730201807426015568997150606661312544872600642028886589128880849864161047540690940086677795663100061438036202671461641
0.21265372946891079778240150933694061109287004009587566337576232630174161253361938067282910642419950796847920575454424152164881502964562696978420593660060751
8.0525380387530441672769432519141975541790046662689353724276247585822465740429350706203043661746241819425554401101354006424536837094173582228332404708955122
26.403358995840359071584364572694361099706287644688217858617786067197810668883721517598406435891064905453029978823974262443697175553433064792216770275824731
56.104051193856580137790953111173267080396527589374854350320718445466107076096790933059592260496860735414655064274214532195430541220481158080249265474682071
78.991419894124733757788376010443660254484010551120272996355816012374202593569570034473590384041035833407004790589494612442481612465084593654478127732778124
90.754778540076452261985669887985359961607205313405796006466973858378138970347502783565421230615175210530993518354831714038149388436926288860790768093028686
66.004298239206370308375061889091901938663101597887590403026138682626821033992627688365835754539771111612470320943750088224032050457107422583775491053447668
21.270994078788020127393322207339265965380135614037625100374791797507880908752617150651703221645937671722884546479833583366031899874721092745609740299341273
2.2424035215195588552850448147948021024695062761016394746811802449155625175776762123400909471425784820041660440866861233016980348973296461811303642443884252
0.34964109387872471741443213124897106866086584940488476028854178481850542929189343523959168336551503959411338247907074916476838875281985343771274291736239424
-0.1326065744634117059833789034127149460597168685457860800142501694253257612748576940774221847718472870857061930553403413929808996872749141500883691382663674
-0.050425266117527004661911149522958205761239479193816697240380931519995187536917922294904878614529312827072066500335607555865286305668148249456641040566288084
0.0020915803816203269269440546657340198323610424826043773325451453831277973757001752455424442462963374303351437320654028859959202653108152011317607802885863164
0.00055310714213955049794264527419171801336162952549350447653644199553926517638146731005585309092283975195305629104125032082681402170876694714777134530008243818
-5.484535714635594540689845742627829450041678634345809448485370855581197486227658406640545004711670732646044679554470638890597491174139329469263559692169179e-05
2.1936432476620509076799225218670763811076848217161683489231377008329426598665949686679030809022880840032044061300814749285692515002093085136235063954985831
-2.1004168832255107491762282808554473130676212062977792502977035231982872917266402526960289139953405961928387016048775708764274403850193673213472980290129377
0.81073005314602187336094443749095378445376631475595675540939946337738537438280912867244871486615373710984373466781847786172209427140239479663897392372554938
-2.2568969999082457131955671653658298575606567024673623210168011002034486119061821147336278578883155646353390973211256805242283318210858004362251305078409215
-5.5146546128468898125938731669760770331111557957698064702651621376301093362467092794175472244780560949013662895241120597537977202058466071246101101148735784
5.5015171729876154743700897709430284311318231981369126996238089429175762410256196926676884539717482439084851705184776428999909307884153984930108791707841638
42.419995227481194298460734470387989822574807025258716072402316377229708603429222775779164370496340574260598491814436025470768404063011213663538626624308596
117.22563908130668226883851750568800052103654087233885711766420716777040308572177022390194269214469599207621444913252811411669282140651537960616403486639706
217.54166675080079204259166929296524818691418404386463522942421085006100264855367156241447524147039434143949278777895205845918968018119144238671862042698154
304.63306247251901409072290621852075639911000625361321100981394600231560458745290260778042342727408828643870650517409298014372677223092338661178497046318968
326.66138247951113306838523789381398795171842110288913918513607559477753285618300537374506496492861488115502058528431226095478065402890419371385105435136391
243.68542026472490753219044277803729685728726851737887278423759513743924063211035030803965557507032807659722933062975528838010464953039194701137774089517931
110.77714565460215516035100650408251835484260210925290407291776584482444931333336479178719982555265368223902561107093354837260525505201711679559132897430213
26.113211519980265630899444798988998884668674799468542438310233542374874674309289698475837392431412018689147517875422484169129919436378774435148026091279994
2.8211008003360261385172412392915505289826386878613560762375436203750353406849495016291390491529286180042817027579558171138409194152063258489555296636195128
0.040384897700641870809790692791552662952737971402651984351678570254601289281584568514398223545897651470675474521412809899200206674599007527272014380542348569
-0.21489142505405932457915456824112708428727258089898624500835705092819684798942603473907050953685373361257892465743349915701179294295088644171534335746364169
-0.047295627527120541242042639825580731532483023777177922270429396990975346603894261609488235196172982088618748467807485181574672357089655556663341468969028046
0.0051783568707805949664995014695650216215834957570369733050955884792603491155578915936861104240763415769571553589637319240601682304937558047461946156650157515
2.1147538887326865671976869731138033534610940100061843942533408018375535280382600691651219720864903868729515365563606910665634244208910212807723798766693269
0.10827276041307611593671578107268350040971720682175899677185857786987415712327439363147323657479315787996147827697078837254353567382000229820165955169012986
4.9840628148476643574401117434007008029149917505479339835648567565519297632302545214305720221994952106352997816448233669479444124522362349972529411657531471
11.079753824663179029777257245966734217307126977254059076807633639015511286717525835461846387464221169122246426746330722473928772577175454736107765726399091
-9.6526277829886388561104199126648797454361182180000971951624991866460151966918613268726141183196852863357228783994284303396834568963180576807166208643759676
-84.672072934529966203994654805794843145800086381076744123967049304223163989991216158853435751821586133766368729794108869373219505608108243758330382059915973
-234.18103272455041147664462992486590338627300582872554079773280202287369358319388942087234657937685090845151531687651448773964843259525128718223137008389314
-435.13654816615138126345285963565864745818277012815870932544148023403913891091498706807542998745992443376401764873989296541553592930183023567868538434087469
-610.46329776583181118843789219444352418055834339957695108792227404504465776012753449083308838919098950114883404196687247193179323401703375628777020850821324
-653.99408913468251945879835892921120858779423979398741751327949013233691245077468440402973936359934451411406589857579355796258882941787431876607337004322773
-489.15113999509388869796352045259234841980683396867587180902895576406905033225956601473711952190033760996761107823807627397534662253166981204683317760919904
-222.54244784386313738820748362766107707439752161182591530382248526233084096635180654482969999875588888898037637670955948963171986061132213427059923229827672
-52.321884564243907766248330938048153462483436575361025811320413226386242794760568820816214067115224193982841213973823546205747827385133801110494128432318461
-5.432198027746583584677528417616257588679419400936012774913847301221873032416272300326607217951956359579449271985627167493365201582756704509790334865689651
-0.024782134876951042274028043070901382779263775098845787208193150212819553673976832851378009257087616237295203135152971101007413592224542353446023783186315259
0.56888161153518188211178916456909657886201411543105372314125349786317493038732217158601292093726430368696099899139274405782858114104452001528313401299060575
0.13006092502064246702026878329281855950938266567169702200623147550717848527669343603651407424494098683935832313224107369734796298035882630833380520583969001
-3.0655895849267903397929280859333040823483508776185424387949624640335175596787311039412629342281886984464911197656340851968341590221892199380271421841351508
-5.1944766676253735795031781765505582057994272378730249957982125187683752466674489710859083670082724430839965640061705183441557489783463449829278697620378687
-17.990018837837687802811367823106414279455341957984660905484362193866468091232527233818613332932523073415734422292822596141884622179177466160307368973627445
15.377097335499063753151410840111195983278432873110686874980139349966265885772789174138381237116468019693004231788272661062845301455416637943884498322599148
125.90661799640870401111071373401828241929208217098691067217093077690514092668844661100661148623883261247418813058782110792453957184532253641739433250503554
352.71155459038771869609043533328041973958936024078609498623507291360361042331522381821003222415059797843678462082262213433279607005093982108516059397884732
650.56646514462304421840287501017175801890973647503847685407352565267480676926791904211950055970849259698822158881699373514790059480547274650457394463871501
918.42744544623032758243489293410102652850508012870915337410748327493149998094268949808051442408125290323371759985998695956109851936441861753857914295008593
978.31101946878913051043392650642495620343172962398732240096817861575437072370324962205001349991289800062661997736137732108951324715278806591344484983908604
736.04322154537034200273280882314016102727319640567177750320599062951234135630378421603613291767799198132402273567458692440682684086391565990062607510919593
333.34475825850262625016330100490999874982623681461532597476808491005196693021530849958421097271255052600382279922211019619044518772228385040981008178505368
78.390697640519725742581503969598644151638848194946470953416863315551163072388465446045335141906162139965939063940141976969739838689002162770770235360164607
7.8596981599533018778384185947909393500084824546121872710714109433781573004139728795901919311739883558845174813978713852581445919281037464580542917388418723
0.44085809642725100904419987539555397166841882890635268666883709368527997471207172717799706142083498021076216979685578766075694156660327957607630618858880502
-1.1107656755366584899873865173390893974773820755528010807819752407090547738632346924568452770543210565339156068292909651705318054210075079225868550820280804
16.927502981613284382815657633853761896329089968373217670817574156456148032998340944086852423488831959781794810489600811185107261142521425178853506007927392
11.442073643169873142449781568587573623729372754930863152898821193567775943192449770370160415979632520330485883730811977697557340937793563173752422959334382
-5.3436299629933369605270475395880302356946640210886190113422686397440338616241301990852264376091704902860749581635950635167957711076331146010331739053059381
-185.27695660372041839924840354462140399110963729165343112831312540497631203242634171843692332828321221967071310033322245392547340256429121172747148294341104
-448.69675453225447224446826865975984620419028179527960358331126538009527058822018421861531801540706000338354656885804021976061045082693044321357100650146063
-877.51974205182644758954026729174444596032609593840916323221823600486175820162068123149895065069730496643311573107709448245044288709665807431082364651953398
-1202.5062175565207512942276501350047092436976091223725420121036969977309161176598176845056309708733018869990141622032719141813089363950210405383137838669309
-1302.683488814402334839035312707105789384250558695659958290015282541728055221937533427080809781109013400794198026166160607178732648668946530896702293822012
-961.4473262296857661125555074882337805432831612204112719675955956144531412030218503641298689059831591444181289178820472453298080933867250568268849314695988
-443.09192461996869828708986850082625992285010135080997140677608446787076185667148240421749317613081204792829091000392186896386528751146331734055879190504973
-94.556034235032604095718082709673030611567136506535968506945086653696509761074439233106207149164911950605870283288935131736535448531394486862136488672648125
-13.741265745538872675375048962502290554999915654533101814556891618757736045346948612174240880734221663726892715732030835548959357827693361479338614239482004
1.3909211826297511644499669185717798047216347039476517158695798612827930985615540386396883621339259829249709906296194368425298252668344696110490156419053407
-54.731305108924478631198099284601521828814778842035351712714008290584105122187306829742715637132771439953178929803112757493577542306301293823916536362003013
51.606398538671982250232304350589580259374112124669554417439717260659208381867010971517108732806896003021973905981475242695662961690630520436683215174593192
185.00431635330604138107545331332523455409692860442605337562139219974113793295957023190013213444479611543733708030162198310857185700151626422639756362347818
584.92451867226426746865039776915304517260944774617903245688257715050433977294248586634576622431997740203303892462795612620165992654727436129349346186108472
1034.447465836818941482066393751672745567703429881055830729460199491186141132653992838315650982806783086660476247439984659890438717526709038751319351237486
1500.5350262981898125573116847366622031912934420357564145138824013634369469517822637554685920626540820053670233407569921737889943349192911228907028571930562
1550.6035531043847641732556456662221603167792248174321331383329604112335091139713015465483473104859947080155738206659653365585611849094829023010762039861567
1177.7394368159247344917014100863836188351546736224070952352546057070222723127584009711095885241063657753137663101081966389525638657482004977151782023474314
498.21186909542456117343756016048218213159168667982826476775032039792399213841325966237819695041856055386999095055863612991200966116676146190198994825766656
113.34397738549732148884981771593396974637288503237520315063159917180910210448752471385764927482265190474888235478596080820017833728030587237799671350530614
7.472446891883602977777201639999811137771419560884551275695932624624056639080369745735736017582983746495133133455523321676213492796491806559989295178254278
-55.190742674230165404994980350450197834118196358441235300997651163231449023668913921674545449208677886162405165734068171407482646728491492300540106779548647
-212.62856694117107019500378248482068107867753334893998194838541444007286937522184710852301999044084689665917795370175576472369208506798273663209272272270277
-659.49139219095337445803647819794550697777418037286235137868772915333897614007490403540502278345910864295072763796956881085779656150177308233835728836327649
-1187.3362633804432539095325341102362172905881655823203785700749339691537359749327655979005557273521907526389472148649739655138350123994032662903418744172713
-1692.9939344867739606925836271789271076687924636663349722678144840088434102894229495591780084828995767166481941400878156638329882898786901020547407570219988
-1748.5164422193181314912541146924361517863572764593179764094997611575690863934391134465111386517651768858807705289029433690593868925052536029867874907986642
-1286.7248798474673497505008201333087052826416250135317201523770645007594478803589237430892525729025533850293684935022991072490841810241274484898277364841871
-498.61556148422983484440514345355708572429658223147010662895050187318492962948283777189377674748671744261428975635487564921096762922731734409097906552878686
-95.784204612189571225208410461648598777436889296549151535735578665536616408875106341992608749211297453805131919563329653702532047112417257123203737089293635
487.75257838762081376731155634028399563473096077729320021288348565310705655529335326951703839320252841345749614875826505961690177485767859086775977094438325
451.02228463392153009758782738343596104985136342919862377596174932366111035230255815586206520354585860117025527367272143838276138399001751550878968866676069
1507.0257723135999665159515039524050873899507750501709504640228817391798688642926454980496286532938909026213778868328136689275777201820005572932987643985881
1531.730372869464183382450151542431991898649678548664922581833923397777308515899898630508664136644650415466748289511801440303985799189062260656230653312311
1997.6835547863806795479522536775131882414440815348178245665038388964314109462404880208783655751083277284194196323698492447720735606558872690586469307680165
1146.4952936482311797151052339175830932984297933487294793828640670731570739751144394240033124534111877747335364308255558532506746280972047527425508397440293
447.15019389654409638669332371437634644022078678519825916380154480200483374521940969762389689102267956959899824723139253577938732545406040641195351361086874
-1457.6061288323669116847826184951791035841758304275597308607740619855169570296578377028806467988385613025245287281703513079077920598242202444463705307020592
-547.09153239001750632821809379070036968014767484471268813399901432811786014758540127638183266553605322613081265473204140444134363165086583024379049956492221
-2189.6575310008313440979779167675331121527661440090351835763014944724742191057006195628481897498384098096559823193732388957370182920765269370496928046394254
-1424.1269551965941467596226214263784982012322300965004402479086177250031359014091008874696683606648359905895845818858246835565420113949117834892554920757976
-1281.0909973341605240022666735733479011213307311004992447820922651282566319172563203032403123235095330620305632862409007835871898033672311083058095181121584
2177.0918576628410106650910951300698860323628799113226261945055349970083481072956863296670631289615190520774299494953897914815655644709658026169213722744603
583.32613135028681580674300438515204477806032208512112497306709767974184153749537126817891972410343511281693092324135386461093005260878831665782943867507245
2384.2605084094177933186849142002252605150070781635310308529219107959983887228984956275186088203672545028029365454971128214893105090165612924822581714665718
-3041.8966837859853402803251527513962229166867471500829865620834296918571105076668089794684035814908001416509936892980355351295973221534043913610028121405551
