37 1
1.4572266906703984695723424176758297392854707810640934078025879838957772577326586654981487871947722966858197290644139440221993884252708719808419957162960403e-06
-364.38899350407930412485575317362033704464450496213748740603751286177819833514500474826655597466962116701321383495447619810012043092856939251510373004217825
6381.7528640704835971283009188689412069945826120825154566587679911863483925914558899179277862125923035451993939920721296631484465624501761564444220106547348
12347.684707950647238939800622046094184510628921264827949234484134329182435344875038551725705432439291401146726511924100467730743424439465528876254474600008
29103.48262595413379914723549959549666858035320530392041792593170272961692632801781610267408394016164030058501585284703764341069983821186216876610431654013
23516.825721013309392089753800352139422091521242601021007601049697027218794837538710219882152423042418023939522054325234373132823279666363978563793980411373
9520.3774253273435864863892221205247423844458128241948148120064514971874731547116048990047162364566839013289569693558599063587771731641220858693873134930597
1857.9051076697977222912067052786780812345380696592029168570415276602693057839125941218719657525613475427063784277720057318261316562780712924832918125504748
1956.8032988665247734515486115944819478413771505708587563106019674334603931551821781521168723054253736081725197532035248902089855862891270304052400923398412
1176.7334824635822592657313565066774576267398855004607600389298957967109280928188959185164583531679946536532298555531379812029039982069362428558527343692595
-52.7863028705338579384362852593004421694811932564119441245788563071177973355798147751307950944830048937382589080339377735244773237950268088100693506802826
2.4661973593882637075752176580604523208977005201228303034234161501501129603847827826216462353726926894411888355739432185598882554203435659155751269604199412
42120.765056206473425110654686043148482846162312158695458857139160006354367177943095722727609764542965401300655298410688973756698318890934569472036437821877
52863.670241017335718617026330212278816712475208165049981235447529212203923135136350354481507441535153958676770671843298808528930058348062159133876037270083
110648.76529306481386192966827253024991266975112221982026574586900926380674964374627000025314987895784802019206795330102017050757012373692063149672848707933
86541.461219553409706528381871504976433218803499335098375688198013985001248929077512477894492819912224626597068863521217558750277855979730035954085346062537
52788.691610507448080697059700276607873983554982310261881456137822786133212605727463492011681239781981715381315552109061383002960569372861468800834556843932
20721.197703437175814671232582734425908750274563581209704693657278748233487012222665861333204521762383320183085438533181821534235248439760821563408462876466
7120.5576287947591129705989922863130047852958594042864211537845601174267740016689571165819484026159382179923643151612828670416663920322038675431020989658454
6277.493649185709009343346889833790036560226688190495183877886383094506289414902553942449532520955111605884237680216732845680969112520484029534569121946412
811.44323127636542860579172563517458137727534660105090611651664182196655671914629163701961501166390940734005360314916102318109313560100410965981147107377561
-145499.79384148414137133340458661443615502276289965091011210845376172414381519568254177105171783827240951452809268256074537422984936407210248387196609419885
-100696.38628222273025766359917977164571810736053011025365457770135013552651235647163800509272779335043330602481847118583325824404022922275084239816541094473
-146865.58459712726039162885629670365532142504801677733698979914076431805457492944993211194897704569723027462736817254739303233042660695958519058646748372402
-39275.935756973909088311043647692070270167699534459749250959454973321452251046270545810758839344857968868939788565740096031292562105105822530683499316510101
13997.040889061509822537070758160834638844550534770166706317899877059210728733215113412557337791809503706842178426280310976654424817792886917686565372114291
-5840.4496018079297743333573474109590420254985929273453667298544224426804531850898716476844210818586196961075617378092397685997122586181048844139982375023386
3303.6501793080434084103585392467109850146102938564043264685576646233663018857293239881998007754100985552075486564094866479276253001238009483425157815026828
225492.75915643376461926427527667158694702720937488121328049175903095122570043530073998577989069632663199453092139398356798973447013963093381784266363543688
78641.802976351755300328547848900981385284164611681185274203803865203721573154876197174260873177392179812959608892690925457136981542773929057492071505576143
5965.3546636774170894467070559600852396789144928174686952068579936173218006572694903920600085907690972168218179149447788447321696579635322979521297846350442
-11040.695992443895031530555110628074559684161088982930991946150570045445526723238768026825170639342207403590365716935896709251827919484401506854241923400387
-39592.928325945456331200186106046804629977570628105446108981690824941918919997119923933333961667534114701530856802744083250431169801013792810408363810660716
-50560.553523222516925847528828556598084763753736722015369241636029344295288883601420197018967332927318386802564275153153747601704459663515669250657975240929
-27774.151043854168544008407164772704699104840236555129015120803063119781220520569930847696846653494593111652817694226663550023989501429505446848338693490095
71732.738926272653326203641645181438296813252535737067757326569855338274343830945421998150924673982174446917779298796520894527863185748403502910632314803552
-102410.18364479396758505881506422702513210979786548324264562171743435507212570394927437835588070973881501703283202386274750200842378152283298701288194002862
