18 1
832.98798659920243442071837958794529138261895160877071133252424863724070918859902861491319719343973088734259723543488839084592976482128900324155818995894736
246.29138203868166580716388734080730954727081998217603160465037093763417088127622043248689378611315988903479303953920622167236344856889481717925348589122405
-942.10973531538011294433878989565142121543801945318826115513733727583158500594787974814878147127489500441151904363172035349466343816743604235024038293175279
4926.80532983626231785969134947261781075911505319862263931463669569013865672101914364642426017856357654820121370883366614266654792012651139591022274469189
6509.5897660334180660952439019410158661299014911735403423874929258478302131000539343640462359052913135465673170613270607409003533993989855094832069632465605
6445.690873132214760639706027262666687481019784953884465343815995428790426370213973555243069981058383249745735492336567268219808348103774307523433436935214
1370.4423331291204860899211158949300440104858357564828682506176116576839350839188145666895144440421227859104676192619904733070244804575533505719251041301673
265.12503380626671926454385445037939934625902051389467578894698230987107732955062631869563026433445294681420850853511110723065321082162011086824464397180977
-61.108880264772392098829859735481368246534828219962995787601192855197434643429371485723388125413496781568504430935880348897140959448975891306657427162122286
26364.465945466528370772618243374885532112823892940713105256207722142744761483322139643122709232341866216321748257284405660821361209671299801860147822397741
28279.202103574788735466008355372363327856471959537763879969802869132533270286264858140853392924849355212079951162882143668337348381949521946708047177412368
26153.299117724812312431997671002351923917802096425011584738690078334997742661505527561546687934896178039979896836799005668547079568548925842514226284868171
9720.3056760958852702978028746891723419960063972968682265711539258566957175169165225899760316977289882482898566072307984716138120397840817211607844960161868
2491.558519227442815885412987176425088175456916146714978488444587090368250830448423433295556415673197940301511779540877339773408601744584483226766949475353
-11363.278195561417864775666374381046059481291755120137338276024810027115041504468513668346239980822709611442797383749422266873723241616454495681605053508867
-9984.0808412639204572359606759314313623392398461628955792190359920169476435262894713204276798166800188312012739520437175485950682319054784681107472535732949
-7978.6475019889612626501161923444755613831631046832098416947288151298274786076249849074531139522953849673867187365851199280143855899758570220715660465746695
3948.4552395108558042960910942301905992092824763860685805382061862289155534138160239024333919884332707368789562574452234673739610169998035816251965474731287
