83 1
-267.80239890483644066778075601455987318446367531624414536918704997572255319701760878827157798383071408674074429542904304613559878193684585652793189772232017
246.25228051389992739940422220286934942602127018453401074367091749543146955540552476374331696529508916494361760682201489059679944828746053849001011208466887
398.67357406677798957744117975619065310915305221919972657445962682494947399345927983419161784396138252066167788510866229431748623445071965076720999595694723
374.53915695176785361472105285217278634345449028542185533083478570242419277415681856935739215163954560368471205504840703715224717625885989046496725609959928
351.97853312301365180372764673210240021678715056999410840579101135732122586664685824514991674869399000211520548028169753211671960250759768322852819900188503
47.655857440644430834207874471391815424176731740438087750191285968287898287200754983133193466905818051051658601113735766041107810941168594305714877614732601
-552.89585029657506821099343940709233834303496103787500427228316870456384185105316499826587847442378786210568089445161468982120314843272465428855941449008465
568.34959351596467746342271265428104397121575048316139336410036383505558336562099776466192924406837700429492935468188586937431582400581145876884604367178753
-5569.1625300325166822923711891149520264348089841499202142237502712682460657652046667092668405970381106987859309733731228817391361564760857275846707274544908
-11542.454982109710134518801487964143426471257498960085989119349465195221431346949943378303482639864843532065938632454132984736407465318962737594883446135649
-4979.0495685075405980244660435304303012143996956671817401213798694029248128328278654063995769880980999969008683331775955620459137824230310695993273335644617
860.79869959535544301371668951603332619195863151774526281362886696230313172696796833530974734836669337258164156873071216649095373601877872332240166960127509
552.26092714761940410941461304453628165979729852421518841781447629434631643884178554401972051499546462393330561204226341201664874758340972201573679084419025
127.62700090284193850293141503175969591176510174789392386644218314606848067321775752400149636475606707120580162423134565669486359403964929384940396013790549
-11.171571087620526539746893607836638537981182627299491033231332544507623577485938363961579688592833649194733781722572345900596978237207343985574130882976089
18.782090623308660281066598781728190479570512712884053292845728384955890658420201230606829058483937922899128549067116017417362604654189782460891380062670224
6.4530868420897008970406754190314639531080380018617655793708507266435234399485782143639680483617564690495151566861086534469818253986055138592873879493338062
6.8012457341488873939085364385313213545127697562252939907577614668145799261291195422165423217193477851562055600689658658356227868474305049039413014242120459
-1.4202951000025843335467540038268340499015396442665197542013442206130254873446611186730074953507374636815695472179727540827327683662656485355675694152905688
1897.9531328638720710022980965203693612316790498305294933528208636482866286996198099180854233103247029701643660355479893897151925471341544810675066184277436
383.12532586677990618803123993955340733889431273243291030774300355914155885639247693125328111371922038408087343536494070892860178570385813043452641327384196
950.98476581093536249699386838623542921256259894603010599714642155327806943237507740390608584545604014190843274785772926336632586382452396225339959085345686
-586.67596526463648665846370651843520448016202731362886253429947209215087834955340606609356307782083234872166220587527837944758236477357946477917208562639518
-4693.3858283578739530032749373210073232936064578422132755570329011825603741323074850696259868429855702879805218649498069127124393397647191393436189884168484
-21581.741338585145022781492267864888934937946367843932107327095699882894771881330032094593304273699931182306227694713103355355041578129196881589213851468165
-33662.80002427501978959388687511339481390721932221649290201197946058746450522765387569191458727977664721989085007172851383866454429118971541677127504545219
-20093.079691049230621434810092945161128547518055125175932088748636838051313773286936769430803372202700716491805756138636467792466612709981755722544786448522
-2769.2446941609678440050679657939516947769865986520966152998684826863036447720741803837612313358892599951207309957270971256191793187399140918600590643556238
2271.0849399523400128548293340113735226682353269381700099647459417346494259386880549295451770119936859764160222118610610845816029748660949167307043919264662
910.38956698092738251961319107860923033220741958355882051605742800916194939220596211042153658919939736701395014269921494477562480761018547540110732303209616
97.054632711773045612367391983116696010187452404537817713872245839489426647719687851415427151638237381103941237294669275877818847146050703989783698527730962
117.37289792590932317466434974530987196338736627453730967963509879859846606923448069634805749291976538512330689030803242203028341693624490211226676153348951
16.672784096212032592134266497060902156903571328297063878568189498394707572143351559911413945940559811537267628015809618298453157774283820966824095300287167
36.444704317859489995132257267092236353619068080974982596082663762475942020609754624588407984092928707055596854703214758545276289887835487153246136192114223
-3113.6747344746023579024536649528041737343800169607759679842722569408243484203229012696810606449347912791414527491940786965000734773283037639261443197985475
2460.6362056886671662284198027024784790063642845970786380372803201133365769247963799283504268324039382290785110559367220157308891934849539584015818746528841
2645.4524879164926384542955711367469534095519862605931767399612354761261757672706205016849465540168168810656272584162498220688821000284846045792195204624169
11310.150957449451708830529988456718736304974912559200768787591048579704655921403275872282086775694348758443028779802917099035236163142739389279332305531575
46839.43390936335265275203235453391475668004657460344230356167765127099058257334486624583300774728177856341450047159408993616220000109259494433902098789869
68676.709045355176975696306450981490546222403231685310238394975533815912535801576342504624794601927651888989561571405272551153658656652168127062877938177698
43744.41098002195190628462156633410283184567247664527270455608771292563005086760757452425946655659614157632704783130801660492621672076366449678478264209765
6020.2534920164723014733262400656088593191765775652904375189888300709969603113155162378274607798948470022363503660026933576960218328499167929610845053470014
-3245.6283274412260064494476814492825574629274006944963182327176248469600385856023156789034484173337680044884779068789554374259658987618379491967883646804224
-814.53661047290640833513572689947800727004285654371347423249240451630624026539908007193585371823370495612187797979854181271470692714081834599489904423429459
-134.42012118250941571063167372393097409618856894060016173060552320962404717529924625812193804048195158175656612364874972658808176994843025106730114295288249
276.66275212481665181825744306223797679682767224335967364337664645995732857303555672713652642716748011235144259623421800122993143958615888668139383034516418
-24.456662400245025941134766296281060572036255536410776353290919262913639631255646545541666127471313967220149612911134004393520617118652209794168690130671241
-8895.7571500693956136334588706672918821823653366228897179130156389642332116567716008730617016711263635294293411060281687097188711671300459490866203049146275
-984.54089603182702039804862752142148978470634948708188836866798746962507676646640017482707951034675214680215445028435741049791535957014270877281491574829167
-22128.697666343786769982297303093715950543877845488112663467901381289499205976853552749310258602941618995398347147512136519542193641574037988502880681361664
-71463.432553109457618265222760060930740404658859609378302102492319466721551001604017897406110249830019648928973949999231672575781377353414040773808248555506
-105802.77866017757507271533739810672082134941552155494821842657993951161507649480141166605432741968868288868206733012913302876950856309067486242931954755705
-65419.123414433577072106944377828771597645541696559901127418014821399578142232529735722006699418879342396835962050456537168969941085292295739144276131356271
-12439.844553608511984167522328333562525665277589185341977274896446623637778824129956860611680338402302177140252112377802251745397625411119508962153719435206
5885.2200549389078473791900573552727397665104534030480432696307248375092117442029591945439559075839034574351401876091310553285899993218181389445724994110679
158.36252393909389163263118839558332542435250961908261138926604979426130439719304800021346983410443165921024798011839313326202283662810949641411317338841378
-62.023083837842409282155106194013053542323754314895757749053567898078587073985237423439421578552252455961911917355385114230604858498080844237576357853983061
-494.39198869348772363182070659516437741746475771296074463927622444924924286708491969900310306726771386801604816603227825943957878397925361693518766710423106
20156.010193277331232545108426259960331740644241222066907724691434706852844707932399532887503759099140516457919015713005600104723228334353562210813214797052
12867.39201799367684657631058060179975203727893869076598718016754301344730919131571895024035980684907515613803701128486876248218386358900263096964505769147
106320.88777969354369707548287395407773515348937721611389429374381040414812950290903253935890473281437371705469392140803684707623347770484147692829961386675
129683.81997957578398396594800713425845936422096290764365018767762229636292717909353805477810982900580294726849869594763607217211475717672992847614870721923
95797.719004734776138557747874196152314160765566790774034228276824527834675426855647151590849253986534418121115026000405432385103870287417406006426368807161
3053.6429367895518285908374571785974167465025681161298324887570661650852480585933040415747857666107079133030076643999922856727247627696781536436006247901956
3497.923867543716664914447537757452155779596377367801228372926698576040331270951838411045850852736268666172663898166073304570336111896156702634029458951212
-6395.3657487080199340350643277145654191593347095693221891909704111873059106730350521831514015245585580980985373991935727648334973209810129897039501950505917
2324.0979686236320447932044707608929412614258201077689647338240065288302349794586694397961512367116313442505542431015404007474041307812096017065909985921099
-72631.104412792652514693369692054383264656809749450249513087378155556284551588281325167737827388895149875515935277998156170981283163000022410064790179710203
-55664.703877744442685861622708589554778638480696255782741564914427768849925876962954912791400995461302172195428442812349117686872557679166409181419970198523
-220168.42486190641247723405719832976818196834770832795559305444605690150362056874103802594868606661964353960047701768172644647589806702570919672456610283379
-50159.140898890490538053979461367920102800481963327385662021370187680465773394684084922596529790433036789066592815178662803336007489725472360009105314254707
-48972.708342700806889503340680005634241317717636434559448803021801281338002957579423428032709573116905751784342099709129665590797636767001118169854579017713
25905.468236262467348589204771125969062954106942257429889761798614310560569928847252613408085290821754097076860151720606706387545517797030485424514863022743
-6409.2805883453766678951245651318479082925859514994032682039208678837844642607799872573630810150342360606360157553988756581691382907095459731311059693737512
218632.89288868639933150648332754531391954112897353695272855640830900994545451815987434912636001693229421573760333492005700978813987995006203830486496582831
44521.582796510727062950056557331007270667780085748203229123215921083974959162458151063131824482877061997481664816722571212281280338837327791747661637134962
188758.17379115319538202981196742759444827710238613391403694280081909884762263865496898036112661507813446699445792456401640592353257493212915813770240212834
-32914.751827782148786598545629897142152160607458091808703446063728973480694819082789742359494421425103954895753446536782150435297380373117677235599537534201
6109.7833524499994160683108007039626250009198212090878308366430460341753944503074460415233588912125392001038141546213954540898957189664951733365842303160066
-215606.91116714209471482592685377381054430763501536975828533426751831074703719095547285588145266197393558309132896301160410834801830338075114843734833515422
-4948.1962706465232845600844130133652028775623694969411347195948295025294127996688103212928814127453001043661652007432285802715245764085725449138406689835525
-25798.237876410193990480645918544903032602498639703963439485050417105855716348341056109911008391247050466399916818591992513960208337663000825064987315910876
1969.4055136856067746926544030852512870166358562118741695920484073429640144419994092290999810378420512544920287313345129388062774332911422198497275612941231
