38 1
-243.43070604283832241203774199920098999562440219680969161164012164868269343563095512289130218000508144949842546385590974756692061152365633934189615781340645
245.99945532060728069512798425534871910990327206263488062964172488639105400104900250209807414351436298423910507403377398781000570967318568655959495427470792
391.26252894195310000526408167939588297805965968727927103092521722743925418839554394302937632679007689739903579919306178618427855954984148088598667757814177
241.89025090693875774553956234563040998199797110023107711165179989023967759804117218189069801852546693059489240661918340602022855373748706776055059826462173
173.40051770198049871581436212530576906613135506276742200440202548173939673037861496436852645597863975107993961072583232053189222243683628911017203524271936
389.45132251636347104452329061273753141933999616320145415093814977596652251451289872393166271706968856480413255199297562886268262675028014405698572511216274
183.39990013452038529699464991689844707701093760958158361825985675607474371284028305492425414841871617023827802888626019171356775003409919349506430824664762
370.50641752550125339414985202623075561094776710018549281292426504384582998099709842644414490194979184944808416849609871864484115084612367468893953518408983
132.68203841984510430693757602068889405760169333485018167449077796927584496094575381584074593170691470540245763962504355215982361665376334895380331036465108
60.145008121172063135278138208956527071614503875977398566767080348363004111696666065640752646389026555454860434954441392349121853971055611185166825212515929
12.593899582912401330530495442095306115805626401468570169306026806912988782345062040261437083274716672757145305748433127102383154041088924562238898361468707
2.2385845099428487998736953265033631009175628879742140950984386760604167683949083884492437783977781812811725060162058319985200814638924640655532449340128364
-0.84539501593757552633767130812778622190235565185777244326952319956528872312951731381328384066638480845131155960620253942474509071600615558992034123735411094
1093.7718895824223070737239773247655686405576148130233835740499870427597488121181438671565926095919877792476415967835058495930561699866374529766566454016822
511.62605322187676400937029517994390451947419371475657713224083841878192092992137697991253864515670328641544075223874710367592422975991185861411647101906596
1728.2926204098827374278615294175468330837616117656852778480375379379159897979615030260112572203715578547262269628328306492356938691129570546175170795887112
887.28148292962939421579126230727992389634029775929720212430040626936185730708572700983713984139391721458425538815734176322885976610921599031647256027499496
1326.6291385017064281873762479606161442232329198882600322515612260520422369686825039552914214136839499819230461347580300021491030042681432007259100240357147
669.45172833131637693123984797598926990078738034138872724413436374655162254444975353004682204245815448424154707707984928226126433115323205549991485027721858
316.39427900864960968951217853422826869026850949415062079891949663606057620756218084806434533211444514316027464823261971597576806597649287524897600876412315
99.123947030387242631341422473545684729895597366110024733420130927410024478804133650356728645583391001412490072717941619666416722836514547672457462329948671
22.379613288207976372219979280633405330789461912204086083810827799659634838932841878235193772209469970064874086326259629025559936661920711165515296087075352
-3474.2770258374890926795516611945487977005142848631302110765800769619320222096621231534549242009730382741282839737572624619580963766289128569088505386673528
-383.48235900502410312714854303459999541074163326044029845922642472925630949137862117367897152700806225726866278956459369134840658440112773380363559941455814
-2994.560445584487251532753882073064928557407340758212229813249590516779659013619755851753596594715604340628104894854666385426242923529401139459393701499592
-1214.2800656343495247327811488253319007581424793789138482303272139947404131461311000680400268786642787132443761635739687993121239885921432264864499659791806
-1275.9911147663736581281921646732078524603292017253851262200819304899414709624490560014983377108739915053728594139982091660762135796011558448347398863266094
-374.22037569102973993643710244843525456635097459118502126751894109050974221495347917966157169828204281153645570223404455534245995029640284716733696962327767
-68.003495798387533425565124704944839354165606621604418506775853445114386742392884704361942821581222533992314891971166084092239137951051589953137655252914353
4540.9517442190348828720270703783866173729640361699759755388821253989043890095119615758345055229490123486197917859708880888603037187739212327905218459897467
204.58305414662919741103524102452875775752591422809825359079350039375538436559431321470226769794833265749838987375596376588928392080701613633314738468852063
3162.4909794935196225208668922327309755942694893059580068341222530131873441401907798262871463866809693538193888616012094693730624642776514495948619849850631
773.72928015793121808342698506238582702862461109535091450132530839404854582299293559744009306117008224903799397643019697292417274960425583772243234110883511
402.72561516206053367525915786176584546321210571547606597119887216334067581985385887673016138207561264166055711717739555926353360452011563535219981098367221
-4013.9189349751280095715260062763427075810967364481958397555963754152233583629036141748019714885417449739291595474870282619222256867614356764650373148312574
-365.47421858344240037246424767676993761327777052878449728595012119912469856783685562522768427831189847076078406169349599445920916719966468353771436930261536
-2036.2192213131385501779016276389214281757495181272931007033142566790679796641897828869027898095108949563025045461616621932837046274819651713052446002026749
2860.0682273647723460717068413740476815782233480457101481802749144063581856158035417791559102311767019803141106068662726196818686366327933690434740363481751
