13 1
-0.00068725092125427302478051658146620152021796106352062921297198548929527463162626400059812027929852243177739993606631160407213201896327884213914273800754379691
-154.36393525969515368972241774444830144210205137779778763325972025246042873162534659457350337399364017707082484102085632434912072554687001785822428317819996
1350.2695928589076513187641641605644235243748880974284541400712234725318112395176699574681065153031680186507084537898782422531443070806915754064241336908486
1204.1013554124803533503542163116267128252710431239200750797617307768834663273068264340042418921455106643525372637718582613886817009668077828079026233907588
1152.7153265231622414042524769011482779854435971081765243074197742440199744877190530573670118805136995237491848902710183522114494668479492651161962216318372
-18.057944117969403636285981627382117539553284789503387984455942282272899496285710860676953521497153890593166929953108057065746265902990758401381127923513828
1.1013531306929339305345925607441175765563506366778188372166333280571426319636677493527133280597903377998641113895535812872327494723477116316104151402757188
6005.4192454556503468144970668162749426719396595546956909728256047956558689978644577136308038064735274843216596238191229577738418565541023771253042173631465
5540.9939034036446248762229616775101978645234765850608980890114655292435048210465162516815517145493732498554275843226423462804909398155189108633692719093322
4755.2909396932829631189555770798699883818063322782592660953245399689463643301779782123720105783079319761402618291315164216775162903514271792519718122863338
1043.2058320612499958107579475302513160116084395400194878187497747728819484800673014499662673187720133768690237761935302624068570387893263930002443050201972
-1001.2124091105003191699120595455728795693258997924219353922308983178133643291470674493686530956713233738345819225718424619689369206337004314786504104729744
-10.984130086119326313008028997690898412151816440062998603673920515916368340419216595741303622153416677338323572970693750298728008447895014534658730885674128
