82 1
246.24956751421332052493311889846609369194789949489137284605726373657881885234977874055086029483884855640766841638671154563288819826297137676715431252629161
267.54529625371618179079786532166210258345704722812458494833638286895090062675041383515476766903052201513481008842850953317033391429496652417302133202767019
-18.285667900277508711312462752035388934676044549431928049930403414640551332614643001607863157842122394012549112488099758583843989562813577470917427535883981
5.0120947480336992403525006545885092815864526226019182305864003724125476652605790720952328546188427734976982908248283254161254944721563853823322446684140659
-1.543818410482809507621616870785587416495219778355074489396140649515119509656474938421523154342997465501032030898202877276940126690408567473561624497434345
0.55460965087457052266271074746586005130158100015853430124330423654919494694432836696483561264458589805252523950380455791135926823023896088627080874698683564
-0.55287665102709654878474216773430846684223691435468546500359285526274202175926288339777060111262924717677278579483138775041875785711929873108911750237594641
0.21161136325853369950618229046982391149944482371644079862552721679318445273486083277308712680074441430038209304628257517632660424711027541239587035201921459
-1.3439063903904720202575078492644996922521959963606571500750966968699871809491298037588139359381059800875404297076851543222569245650671280918081855529488356
0.29720468832766127824423248416808984095837830778164596814940690628903106827366641226286314518079531184814320912724092952309819017741533292431845157842696709
1.815026705587691320691109455407866482077439635226327078266622816115226778522287434087495285451281484961402760779306999930950548512469842933030825162747726
0.69721081675615676014672329063203023909877296693740632076732037985187999394735208010500821829620274437786381812118302575350963838353502040875264501037484379
-0.45844570517929202953111486956748691766608375807193146704641121186205451130056415021304942419750290365149538441709728199750514569916096430301242317574423236
-0.032061968207026304228101790503404555805093312810383009692008727905601455683813800750107948965019089516756142849714265474266648413916469704681564411791483819
0.03755720364462387991455117334376858316484500117529420840397160880033597305536266037983233812087319124882764168548152021274014115181237973342427179816384251
-0.0064352978822589200846497823264659444796937397303569079668861639781000507436762502610316734980145165606023268769094572470053464812836596132993688778713663391
0.00053718199353061053096624321025101997994555443759674604868699494338279536644886274059186084474916549678955546986799939010773725232318335421806711255494127635
-0.000224277101352818629604904745973153828163184234552435790645444667424574457078483248250225184496443875897770774105503978400457072999258827946994015775359518
1.8725383114748538575662093554823004198956989177409224520999048627878028962902280914310481131573997880015690224416966896797997451233870678203670702559088417
-1.8566211693226032509720598423770994278795038841385712087716251183893751203215989614065794641375424656100048898826217202976226664263357026427133313159632984
0.62912801373652480615539576827019815702651935135183190830623314246511237300567171799320652793780496418063109637421323350967829287087065477268568978666062587
-0.41076586409124816331898814725234451069379466766538147266874068216940207379166984863654643046313143745309086533540124955516535770545720306068745871158048996
-0.66609529783198261061200545993575450736233696026804287581509411470282936987227337832694753457138115903454943165296542406760526732010321188401164629542292745
-1.2365128062006111916332267564303135029908190903301853296646150807458835925447976856053177706038023574737824074783029127662282594090005585354214932842473736
-2.269660711461436466533455973358596419849769383946324395869510036462697923494646437273911503064208046576845813126759778284484545210998031776443835050805717
1.0164445569389760665551711739829459096902064694771176988484388377417712342660071277436589156378089865242001916175057874451601211744641637226703913519612778
4.7703424326271900496675590492886491699510359342083521723746673107873407681148114681314302094903462901292897904472558547666230558924119996660222276727126185
2.5851326810592816109996803933230450268360401574746644687066686520525906246438846021144351174564818684572508638874930618862768756898479298383847863235037757
-0.15358367253616405241773414171275803803671321819292760674366257793031566561373519628031690711689145872496470568545576834847650367404062317894340846356681172
-0.50534538220241937387825719362208206736974579501312149548763765678901330634097462765386007283493052560733654105863789105925391271108699652807336771482230101
0.029395911842629497998941271313130815747168904389013109051047564093178471016871576914800246720105092953280372928737605705514214471984102629554976016375483929
0.029488333023093046180967996568360313210362213629566031042946931890880142874714863645183906487534267631047834884025022305867883658320158155517908492494181598
-0.0071871037906054471246062400211632799627333659703017269899172950037377556433194936983498631978888496352612653285750858699101388801464427652344127753802118406
1.6820716212511900101706178870761801898785399145201887882791436834837455975511161071151061180839588690773789588845634330857126435376159186945683031694491687
-0.11912547153243625243385981443282407910609763580661152039539120147905212884385091663491165195023485526689559393759496163075097167106598909183373940754454575
0.70040100196221407851762777340270424165242293190417713544689934176031019634981156599935203834091864879524750124943645333252000766433832657088301851711071725
1.0529186236584894192628361838238351116815328125301882993463504178837764557391791371991235125773658659995801433271711229119777208938214127543199729789179093
2.8182309087656067687203135835483750440400919475371179459511098087965977306054451876912029350099846907508757184061418774272198836582956852575108457548024204
4.7026016768332952930388787945666837293454894798095426540578723120730304289622132358840949218707755332585268806355811036985508069449413642407763037722394028
-2.479745934563388755143001367598397737558899644008739112354343179508879882855681706917883646423114641617687150976349245752248620062608676077279232573583623
-8.9799049766053211979378195596543312817030650513854609023761525783200407896409652160202325370932031641603200775955332142480788794546902793280917766543479212
-5.6308352963224310611398666276434314313082248766061592111425900813473443840680413924186136475508351268813327530907758967348907544887941148119960399748017428
0.36829083858206699770242231314649531465685585388780748665689694967144873104080409685623462185823943600926997568094855203943668978791713163574882586496360375
1.2333020798680825836963674815232150502098234089444185655835081617003847362070239287935978226586720098916229524201601803764856186374137530610963650007671524
-0.23252703940301764518668109756532026032452120284376818818327465557763131620459035095047042112910257075073708112067750895718391540641095222197944901217220011
-0.016650940040048412899915331117976346666040913184509049763150706842590203034426545706741083020669562582965089927614711531317850327618495341183865237242274517
-1.0248404379162268790055821867152999904980748139160150795498621980259044793031795782124553038595016782528168048035060343430630417812635622852403787949168649
-0.53784117002000166192092593330540832795838212146775753404918784060905399872870610787895589796125258676290354958388497861426064415955223443109844316790257964
-1.5147217478389259347088788270297182748155860928501185079257313213806378852830725129587409088864588946705754939732318370841628092866264642984732779727906459
-4.2892633167882424394411097031565988142682754570462260960617566166397902175381540203669461413838946259120201957351025008433724594144412086403836672534348719
-7.0993701969638318408734469709110876724670009209902949657764313848888428137014641441719882824006134844670823163334924833445484165769442891418543548053233145
4.3262569640270331138359050350616824648365292247765816845538122628720018384951203958530586161517597128642978473319131580028095279581740313964069946293573014
12.462446664903512579583605852781653485266593740119247058252149206148762077739439897745921598551720424210183128199233496262414504586558318841105132083739301
9.7000814361831053848459566473032601823523271619746623094941983070628375255739852340539865286354268745114286058160066718585752504667860243590802864867840306
-1.480243429153550674697143702926087413641839517377807136361815896421327111515171754304671081974192182520691194411896765625143215227891571714327041659597879
-1.4395167354412633427101754156293695282861634742696302586511439890480990921494790918711034535700550552859949481929632072546597076630645166217175659690197875
0.24188357437064624460003395548056836964373274317338853271987665067653736186485708723382736086194658065588559680902980976721212451781142216108021681137772554
2.5877934561644718402813781977900205222507988252330525417794033436501862295557697860494892101084685169604604725007156843900834612180789425806027861853127423
0.14814942946668748150391234004116024987426270084974882240515495014367365979772128071467802190192439515920256482403231765702658737526223661326615152420218127
7.6730189333230658953949192777670004794417131467690396379233638989435932842052919964290991583964020149669824364893415111702374087466859591874913635455717901
6.2349625707528858364671285178109535062147871248958030923142990431758770828928574523902984749574231839974024145233767520438945101276457132521896171011744123
-2.8831924496381883136128666053678724717193682638666078638568355702791258463633926736662368772229064397897960385177812218143396060210717393523135506513624602
-18.37742255385950925731407356968660703233897471576597409914333082148365709293855327062983934837905925826707440271302040779703882631257569989695743122213559
-12.109666897227658300814959362497725161416034997256597022684547094987345402532442153659103606151829788644593353760816667295092699590711634256499130129424579
2.401880663066698286348130451285371612533487128677650417693013587370615208391427931129821376265527642747880378838605965268004819853587126660351641519027743
0.97001339690846605669730734989746325555528793338442741529205193093556073085091553001159162919173215655195540652463542765781627450556211687456058271644361892
-4.3861493205939809843091120798806450935970344429740648760208038097588553483023620908325920027619835710666544160080926484628223370201716618297526047385917538
-4.3018985129243147235264513698050191298899231265856214825099046555922553001696987059493906890828962496412234732482246432195313969462766424078319571128066366
-9.5375832082680657319415952090487469471870200200622590681982686332796477296366690218235767904642281653057823142498410098295017794478169260787887279155954314
3.2125131682993361148786254602384792549041128725657007511168839343593597444277538937043711657223878348109768181895922461069707201078503319894184866762395754
24.208170296945895584159698283257757678086134958854204533353246732008270796930348454566589882626109137154353213895807223701535459923538577318637100650738258
11.63098867099708992449854790951264863489721508338765851951081711318460668042288469327479625970766984994624272907448839472657166343640391838767076550463571
-2.4579806505860871585708312193994115319723671899167276271900776225254126104737770744612503759992225092873910672404166493047819894671286478793310386507070463
10.052651149200168633178401096732195188549866624213675767708757920500764701413038614976083399436718628829235428276969972174539644693481672566421862718186234
7.2128979307543121860270342546044921534521742910649625702828334485899697216375275270853222244911019114985528955807115681159508819064892915000560244238195053
0.95853473936046648295970265014708224122695617369764409874956601598295810479955434261190113569497596125606045313242346578671160165479704124120493713266157209
-32.486452795259056898807730959448520414672708233793424716057456836406388902814977443790501998560837278109387861079299223985038042573044302978871000967080019
-3.1105553944262999938145719911969663632279072435263354177100617038488302213360383059239285707113140761832974654891806740471023984375196952935653708905506201
-28.270419126100118101019236717497564972257631561567214835203580322595797694438624588065040374287194177331350545191560017667666869532496765881120290628847813
18.661924007535254931950271101711908239087416453352763294721444897862767464649968869805887302738050732828464517303627033334848394092338194863060626425177187
17.892644077075337232504328717924299832478110670306775161676777631461405811316599593859932522645066836186122473265134672220890388494727629623193526478302584
-24.651529106856730787504698460910324267296703187477592680658926099908407886975540677995673334648945808342292920270279769209455931499675235565298182067297334
