32 1
-239.21891631955857121584486823179390596219540041732393722912735784634844928780121188757330320709663172975112471376957286399168027021636412459969672949901429
245.52532036986338905454641252675814062631816369591332584138492403495866043024721489109858709224215446131148004895497120285852126564209901705226363423330243
389.92903343497006434187014236043539397788116046477394896403192428331472626100761218716290824499631094097498283164861506697107037010548670590906377508912718
207.38347319943787942360958749831807411444168300742458366081505891239349660198569281539689279048939704657941294852708640724911702283790469446493414795043088
113.17962810965588836356642751281830687014370477062523021229183214243833740075642581243188227895407694022882011003516096496651078521361079049252789275567719
226.8647365345793416410605986288501210008379278593969373001904086134989881923565224987799085528407184387425087946255264321976946350926017513678826503690649
39.782973259827885081655091174739485652312930184202683425424429426301685359270934033824818632972609589849481170848013488235523387765461564285339851075893027
112.66628402846920819883291405224095772620575721280247010732886256460452471828409820275495183574997256317446307074001763555736632631921668396831506482569157
44.92353577195065828141623290917045831085591648388965722817448385954371658359094606467503299400889244993108819775436841297500739017755549371025412872814591
24.799468068573118436799301296067550821768691434104358086836331052814806897360444661967544369749470237319142429959617714606684937711940505099208115686142077
1.6920362877232220427792457437867423022512570194478139078325185263577310287796254822065829844057873879898671235178812389063680429518152449449537516328735375
-0.67257046133840250457178375140119227696756235026878791023579294865767191369511493437177459000342564938976965853486329462249600143395302764843220615932230592
848.14816606044391817864375056501461318166949490617535901671910987852406561318384845972482439048633055369661480205304968645030482049531952487104138290118801
349.94009152178122043212070985645055244148821184874737547707745101362465870441739837326034193295704565439574750727285200112188179730047649770536816810987261
990.48390080148363431285254746670166467028881027994957607590481840396090685143913913710723751719899073138161809595201688498576824170895577298804335333315758
311.28044890809229904162871980079024031759315115210880532069517212568678696540612171562768410894698172962315018823350588970952573220359966762458996410981361
461.93627133264651434029903610760342963867143445542856501027135388335925935793432718777397865541103201446944675544430084045538075102023976041202664567388814
226.79241066756920376429955709549339403908648552191359656949048672213854601395989350389843402421399878261881885464393140624771401789487672247948465812860419
117.80804970568655586353127745826352429082428668096396807935392004063051620670347842311394894389576868688729675697446954700624393850243036178737244766493975
34.941706190895254495462775735578867737701362023808289908466448988687794436672771647642917683397175792772491322640334392310303376404287386674731476560698102
-2274.0790093140190178446568988538368699018477614876949935156835020103717661589949617760759192874375097724091664951747744533660197730808021582027994961587459
-136.50157336853363247915504811209363996280061557142239169804268893304261691701321899522899669260679189154427627969946330562291255330175673059961923882528784
-1082.9522187907377471838741486501977118261822495124085719156588045269676422794605708764889699786040834618441619279915815080933865380499873326730164731907893
-223.81068283721261625557294605014954814417382896435076479453024815296193332689250089704953042137453171433755674839887079887659854881357014275301889700390986
-286.90758817387100404789737674691929155893479996697810543820637895743791314809141127736498447235234541136331261054091815599310364265295322826948555052516839
-157.08946305154563488498788804208302222328042916669076578514201811203890338752159733670050220995191373041375490357885998296537514616811356751122646321509351
2084.8491954624584467020363017381446726730329625674528864606058067123774182960589215334974592724346573594290084339602824469359880203187491374586074239478916
-247.06328749855693613376540702804092625332320981560086223126557461602433380902529759573771641021561054928136012124864876477461875023221717637139569886273273
258.71235770529763349055988626459002400481596837303294149973156580773542541036581901840542101962150567218004673204596867234561926639265649136294102121620124
247.5066288751684777141181253479714811706418642206431070937380887040344880161763826662970956276215766206853885543070646048720739607131369396299517225454733
-278.01238271391215198127682451715404202488889642510130126334810861963631490078199370873439430651134371988504414942184370943720860651938946233520163892329229
61.568009587232620971383342201029294503433994187300255843359698639204957341542158206268350074168176332424030636200461925070547551986157681399166416197346901
