102 1
-273.57713484983526183645559453325961253152695482679339660854862008329386617245667597947109093593279919530836716372077064016894334309282294787728355103201641
246.25217541093563701466126222453846963582309014304375170756508747288142801661654265411306746114147322774054838912919240618114673561908491479916780055099045
401.36509295650129920386788460646995785774768310713296720375926735038781870484897327860852975989904835698658891296860752159015964176305154223018662657278524
453.58968794125277379081227049642240425740740970541459752041321129357183155647818368571974241220709404008714601504264103241786315318933226218549401477721983
307.37910027035424289834643872507799848630721355573704039925371922787240778389031787529706520592964383033823473805871681784144748786579821536905197850478292
21.040375120649237306454194609953195341534955498418056529781099783167017865741066471482769094302307480391908813121509965137793817752059646741828195774625106
167.54541963159527223523466516428151377232174730416767243204904709654654969326138629764955649897838972958403184790319997689596969807463451888917181195395463
2757.0144464507458086691370913794026281952773373817426662428653738546880443250637848324767772219048827755584517549361151061622501261205109724754405677127614
-15580.538871791301101221258689573330066527370826426274070418724116595693921619211728433750289688955056017721734969175675077681727555760021893268084745316967
-34890.769636838865149519244979238683184371824416163544844072595870147774484560168642117962934690877831799515392323152581827348167285484813961935922710701595
-25091.370916734575994677856528652380010517157457702820607764328340639774842864840697814507562746164174705593171046792801846861246854444286116540149530217334
-11331.521579705548733681934981421477065102763008023784154973432108823305508616879114847158876696883854463232838341086758445916932002821627841045324440989221
-6604.2815685681806317990397703907479598894125854348689753478011182281730686476599972535680496970150761895311689956333851884336667016096162390401769902220387
-3039.1639945567795678988809440035425943528500157684773666698405890755338261088067944588942790628745461929589792351910817095990052173008881644122292559054151
-3248.8996696112922835852238931082358201590786603044653332917829368121054936809847193699694343387905699813421184520937971221522775793617061442195734643275758
-899.80292952418372863062488409811316932942173720741446884512106883041831795604027288904420497868719083653718946018476843847907520686604276114250664288840039
-228.71102089992096246721792877135807709293493437685344544035988386063254696314622764308185671779474166677080009695294386802082680764104455721317090905836774
-29.647331555088716858241327681658176554544502605048558309571948443531494644414412058231696273299309992332324213353909262818894236431623313181381697568146645
-9.4332092732793690406412271756175182818929687024998301356097249908705198799957534713606209191789258229506253015496899043680955821806367155861134133745870427
6.1757748664075261000430765075279122967859977161559185865630218170893616852764007212786785898052939772428864317903982018059493994481725574148980817010972957
-1.2846871278645234712838647426684069294763313792197363640970934029136334522106063572784574943295740710602115890132369345142412630478562770054298399128822943
2141.5490111101880823363647518650187014709002906853521407001664097282497986303178878405533113037354271815748041269245764741738593916271829979514224463825652
57.201909747743731476506958388479072211334761178214371448748317169518182696566491197926558503548258680343155391034707499903593912503279841097680907477638094
2017.1643520227398145647542924152540318302249044560794634093709637394492563223518345461309688003191929310706161564307521992919256815298251560727678539169191
2360.0454530782581556211909354871233535094937333526212870623015726639196277262903687697472621112476577965313303865777992866523112301850094958170167694215657
-8834.5350594862858949527836291064461580253260927681899842929164180535077713330324142877335197091676039465801559811858565110668072514511188468929432131654032
-63564.008531110902886860519479614496737514092644865056354588614807776385729944543215890083968630348964716065185233194162751724264743275391563119506121445863
-109552.36006746260791917047438331895927938946153789198339474682617507263708151610476492088399508418412465222734567563696730722885868235493564146614658221017
-96648.941417071226669584477051526917459909481776481819468466702167554187896340816223466327435178224792944599214942103841146190842874677844631906130676764711
-53665.871730787770395779519926864992960965377747965211383928333897824055633876471750176468978938885523212872568637485519926750625492856723080961500049584189
-27789.60667757489908287562930754732279039117361436095262218022447476141172242135851331860170235833886010496828068599325573983057683240429871745096143221123
-15415.062131297419849617622819529872029833224037231346576898330588892174542237029908333233738359528298737965952922929572737939941352134026111646587640332171
-10662.316439592424865810861943906937636244186844290255879402011768136230734774008436746844189900874463858622713690470702272739963175598126796155967242540861
-4965.3437541603042575043042812414304006350068691459463925463638409271872214741438274849750042444900675246757058562966015387420150981496419174669173141564951
-1485.1086406445536582327139903339764879083329858924857150062410135563872439294462498268946571640822265349400799687147035059466703544644921178911077411632582
-215.5596299688481354072518098992740233077058300508815195794057317743936242642343636367511972776887793407857629424570107537747430451923260502182601449986938
-57.006628156723653299590986878382425266633584824014133976342410436887023024254676376836793040069498707335214889916904295232739307520471003827859997566152354
14.449463308772936211112820255123421607245866376556016423012339235737020562878840675318685991162952438033082045261477347836663596132347897749045996583842062
-3165.2539386700307782159545730613746385888489178942704686160793021894200458629007753422243741549385516902102939817887163213952456345963037176076049096619389
1274.3093538846637035543438926014180148485486011874995505759090572815685485598237359353036847801724660217158173267214077974168295042882155702198674694426618
-5417.2819775645617120559274947489549447952452599335868198593052707408759142790698780569701685445668833794800950164033635739593940241777409650123390775048796
22393.067346792292756775962595939971861332731909008406342881192078498777790515373277559939434406296801937021150619086783579174287618238759087344459790388186
127945.61148531953687745876282362330508062788266536118174830003548175458295414405385673160313242120961866265041932950633436547927471054840299890493156082473
224294.72409993551181304611958102068979503519202874161914336864334136870524821870697847459473069912199023627006027149023904999633793277248355214460237210398
194547.77394632296452040946107980066616058905506362453318036083051448706002456419482216847844134987066438586973284154058855510765352220411427225074765767888
110435.44486570047298609540651946556907113965397152169047457388316985902632911838492415554010596354895952833010783384444230641150601642961587402692753525517
56834.328925862676486010030943037275838509476217790453009634088999482034461630182286382584613271073333713705407655398971723898783069724923704945825069282525
33110.641131477802020447594699803300048541362750044930698426039491711533361483769984558800414488822988556714026305761242126610233328875309066392704242323452
21464.715214141992699644317667049045340023482334491223739930121235415506933321510521351229750335598338162750112126087490078871295767863821877877363870793802
11228.595142390746229491590801094902250451579775382423870570205749633578745047750801138707769782471772183789023183920973489436414977737532348437165104481407
3252.1741521334460174909493907009322744529382002243522356411917444550188531590064066380969430476086539278334566289004908751847113622850901429199270058933451
590.5904450580889611744659206055871094240051296164992490051176909692252175812409552759110631750903944967803024985462179543381006494768924977399305811028293
277.57576434361400212132156782203868316564446087280875050224760377666997816077530080442031497512706612247084207004220491331192007787308690094083678900702182
-5067.3260269565782113290759969596051528853175213116909591277216689428247730275869419528742129982927053508731538479103140401255915687062232803521889011101226
8455.3985497484310544667421804097462188286101321973557205795006644106684960287754040675512794278724756283977238061745529116792308988433417580881779408627899
-35190.284589466970293204549572438116682840695225029833521390926543630712682121997682246141377703818086858620070570944682071006375710663943999159303039779057
-197293.46259898069756843164388448064236080109877815211777653417739616254885281608524830312335850015704222001502246200311028602252341331690456957789960113782
-336876.41506661785596194941602959961355211267324735343665346529066273450809631539752745752632532391426936307314794877111939617156763688542524042888986040215
-292565.82891681248858134665439002037577597938139125178397589673826828359159745372490585240551003548987063383098114063939287437128471215505725996502759267627
-170286.49724816009773061150544153381425644778202711079794598063435691108147760095636086660605195528083044362313768813642962535973641349489120373661124813739
-83415.624761999833903926496772807585703492132042469775233575592504188700869934798586671601588022642486430472635926579675911526378261862279955298269884110979
-52441.625335776196749046550815810563945169182894184132955774060861431130302476814427699542958134303373936773553822997839650902255758675096339845672954176065
-31322.779185038657827967605328731880331071931163604023550562792700126546062041996140080372185155331735600640359257698395015599974169614432249058277421409573
-18793.74577856957909743503347856760979922636380033905619749782808209088149325409901986206072784063760129046593446315249598125397281449071909336602979145683
-3283.0572796585364951184407858309651481320354505952077866755420923603344107520983711960973506799634381847292503295768648538390677562932648119712713205102169
-2049.8259450571987096095585018381848255687932339560946075779319885539829984806173876540401782779798493729175584704102326180224915973424219345291008557929784
-10423.114036347606939430978466621776745189721832515057626930961499592267226671582565270959636845945464390705089232676614341233069853823492250011522819635858
45460.394989871269527798679241280630659647139460069598659422437987651732579759036665347535966104887827847038866835595573900814603196166175603922817854338654
262268.35968270749435539958234897564143465532407794733737470904385128691562972715668441697757220280227796772000428835436138511694721797908582610821876514105
436935.51440377517426925527964801219015915203977451929464177988508017555010316310758920288901366891948167539426799839724236447616169201886962245971941652743
395773.10451564913950903293576990604655616198384774468198278441808818260791631892484658111406253880230627795710480320454071074864571956742625607760211949913
211903.90937338031121774065991666003617879694958174111310740506300085330401009303568621747879781984033623346552198251316386959416346480932672251710550982694
117907.41173130557602211608084707038191822277411159393687479428848735516101924967774038991307236422157830646477429471310741028285044016678598415787071691078
57837.664823641795790598361318964135457129328095495659643437022409300974071789843250971782609062921200115944773621030258461529816349544285112374443236343251
48238.16287391201357798476112149323714672918724289876160444667204103021512105503118136899565492110289058192148620194845454463253684215350699313733733860193
15982.95914598515117693487161792177366934070073825990577579226203483917708230051049401773323153488900210005807810848265637230463389623698168290576656575286
8349.6957317566545440197319786938131250597590709341331159358942200409133618755836977290323144556582406585012460137627663429892994003350260309097784172922493
-99191.024139230217810129466738926479834523456608299830529668777367061289746480316924113059764976806256277768221095183837725908679046977334391197668951250724
-244340.8093026639226580318596779924102192397386759343909606208297968384699717560243338664412325872585467791635475245113652418735330885309370722762395714597
-604485.46201161612796847659363289630339336774185369465165079374705835802098011992439630854020927920555978076717399509995166231686939109590412751436509870756
-398719.11740409911413515024841240921581912353932986869559993660871873331752405845615784533631533764060459891261250437178687784391399789540902815949427198735
-309784.56987545268733347514181653187337193416343914047744816537768495635857438615997946011179593314480532306091022863207681980346189591283137132000080531001
-90833.954100333530768802155481053781304003052566309616761286482455891068934059269249980699211090363611156150985436176789749502368286591589951308179207863932
-97092.393899364597881440124629437034503002602941983352999180753773093942568498059138297164146824270567695864639722157069020159307154267167388699522475098201
-25432.720200186241575684939976074036629106936791225314955931923596046285940190767470713277690076679643191825833336025526050034479947548418154899490630790519
-32967.213435470198947383231119087804964753405770434094315270574776049107842641192772691358492401022087107838597702418707102616960102969758240839540856436723
613556.3638707694450479407310625667658599062871151296761484647525158472430956332375816019390398259696943826159142909778092656254575226376395490350466086145
321137.40686589729443527185406689519346513007660694617427840681089680775301825863501854705062860522902588961843422528522545994959836617599773903319750396165
755605.53207936277639418997369869369386400842427964148153415514486479394229163936314092546086201868986032833690237357969619462557512162903971443227757073089
82158.44401928210361857616490730890861938124225193236629407849892984791313546808322354601111335872481633507531346088118468908401208955432062092032086546851
260449.26653338111722900465423584001107152500866555750601674351236621985555709594347753292318769624537161956291944037978784947313851353541224779520098096938
-22684.117916472478635303513228362613038344185569202740663605655398561975661790935238439323319848959716780663156625623947434487485865714317171583906769128217
88845.303127577549421776140803025172866129412922788631933600218233335311009135820780093270902586211120926498683242573974405256209468856361346554140107104206
-1154023.0208486983271409833085566291156871905636784536339121446450452179370514094909565054632810653696737622766609947611718159678011279290830696201504056857
-85306.78322765069331905999616845850973050141367537512817360117859573437363413904826466188941652593920927682723878103937736484732855926739963473420469957082
-603765.95505307441649397777686746034804517447127321807164165672416953496711812265597140121813942149649908420633182994175325451792164298313141482253165042399
147983.19896024746900367272789397695460114673817881666208641225712537764820464051091070591693905800416596443058756772154995175613572475816006599065964763715
-173468.91541843129884225260778185682339613587723726447470616202208400333801269358323612140003176490841744654763649982576537716697749845134952382682078620286
1018347.7806609201534695178947306932629879505068332850514503091220283059033019406618593908912856297632482861716101238247539027059102541839369593093499217214
-118666.39222181610674799276616240629018812233849300739134871927005693964386650163107314773184294037966631532919292746784065795817888681149161945978681530087
200022.62757523352628694094362076373196939679413721355565310551650247554651257411668626767157609876140865501139934019017648429443027995820158568237805440885
-296889.31733110318469803105467361469614507034714885296409515231362418833457577818704479143290391544468079595287482983188090395185637108045127849715989883253
