31 1
246.24956518327043372143801345197475728414638044731935493952649834687738415493905381587490696062818873281441268836488278545455159210040804856378824979731998
267.54302924818302830254696744236393414113626283801035464253710999659821522181125439115859253143418314187641174528461407096079483885877605823022390016718423
-18.150693802801868635243970388399453317869637579826840265332837631578583603267551043895662447603694472802353761815524548159959569673239202654398654541677208
4.9061538416313686548155694031330968140174879785261721996935127339766396143198476886711127809381349132455771810562875566886481733853356785540042393656159595
-1.5624224795388214946553896756291936562704721218884116358307714816956017939258975044289102569154751591626305161280396836890888513610827243536723146700308943
0.64200120912859178294931210948987132201856450935679619296643550798800755315499786310431308090511806173951833132824169476648136147661459154643667792192130279
-0.11195780758572306904548877466871377727196212712892476652697092998138529253186367779195781678907529528738493164623446585596440868424797832074374563814876605
-0.050855758175309519778392520633371629072299018439995866482802136082012698367338900900280495365322697603582487333406486911357617382758183213110867332115232951
0.020434522028431905864477507156829537646188617171182388176746434082338609042050185368305990448356771602979059055839888647198738313121940896428658613046604128
0.0037344894403247509435161585677314778942103710707683186691758312883018640216358430769695992446715118649199685518763867621393059183553660346629487516440737224
-0.00039096134237024774027910418297633516176434459618795070791120384334347354987823714333923563649301709401667507387102670636895864815483682345123002273404970627
2.1805644251016882394645756651174926843918563519258555952070672282229801399072362084228489543721831722004364656228550990686293336448584650457724991935612755
-2.2246860711528493074351380963372303447435135259387308031850567695413518829155682502956690869203040178862505472064305051648351272399758137062179176878197456
0.96205683763568466100289170573227941826420533418219809043884816343927310913250577273671457462528595532544508733851838631237145145509777085219333106467036845
-0.22583682188557331058580568674222955649298452764108520996991182281868651064245968149972468832973835787906274669846760049623592503673821894539069746178848684
0.40028829164737931692965576427477852822210306263435482267369454390914831927489878172753944557769635352164915985433631226351902403961751282659018563250882962
-0.18132210114481251579635435137933433280567261513015946880687704212207699813585565381606245212594548937731392506206712531510362822564068357694389230392272256
-0.020623587296129102266504517910459696557983427378280576266329475516919862863364068455819303208169028043513220771874010883704602478241446910338582680328193982
0.041451870040366007693415909396628394495146989191703502366934038117643215554804007181343441276265690568809255116021713761932054478554404251477267854278783491
2.0393490266813588316083892652448645361408445522087967378357773067761682609811937004443680065129785628209636482706676392507998701186852534983221080665302823
-0.04118292310079722301765497240071967250324157397606661437696030387037998835866175467117428440025311411733565788400750957456681813859667857011418467685329979
-0.38166246339944528694478602922271939799446802017883753420599825097114531805574744227152240727555459787365701039151547766129717698914499636268062798034006356
-0.5369500061673575756344785154202230432946096235350144622959149016371847533417598098322149060166203648396303226090200306054761052904219274485294745747145926
0.64665705735015118179592294714412921196156790815295752813457835637283771067386536219322789350511037194110867797494099289785585651360271511120003324197960295
-0.079309226025621399694237514924936934966005662438515816464249102788158099901322857366234974584914697571462450374650223343702929003624184694597017520296390764
-1.8405931805994169161783115202264865414950601737677816698110598718682466357675731477161597377735349066900420178979927130601439803352517866335680685762003679
1.7819560036206030777029525088638239104308067869211968547183669081681195776559828393789120989957137810834580515756346841680139412889850639957430555562165967
0.28426641955553773101186372970738147758928752135498608201858419042336387551710872210949992101506315859340960582505837595330466827479845302498340078037764124
-0.58545007854116221303540794768157270810004385016001160249008478423797086387605281548729103901970377093515694604545859051530183750689272012206715121188801106
-1.6318951437779256501353881300860357839271928888155218196030871677312154438206528359681394189501643389133765521024101745555697609299945367930980421960756203
-0.13523420748735845643025546789057630503726784601853790786164490396649428382788653942606656090673010789081800263029735576457515405624548314164524452820798662
