14 1
663.47532353020661487757414805922681703790856550650128572968882979200106963205065665558043425835995058333448994850775370451107143618460395308839715035179894
245.67738564934086564821290307897853430521851348774922720628522948363246638969865852636373354864824822960008128233921267664121746172836378660283752416586114
-607.68105794495353317268330413969318219645258094130387987340807262262641526174652059813330324919958102724516775025663671023427150660815507249026594595987573
2509.7984344404809842902852232390436295273699676177318432928977277529606385936945796960314566040466198507593720846016713303168373130372746423726899721317942
2786.1773115994168511417105952279280683264285574577759028904108481221373112889269032125635202017820109472335208850073106750855240904467964438868126110253199
2002.4899262746190807836453388869750093725093306420065263989581641695853582455451846223857041804709523144121168814615654122273276082490056428522091603618346
-20.942438487729491415744723509951336866684093166882953572315558480299492598549888892190389817516423768063887320670048684748387238420401089732568925546743815
-1.408473567695292731886866286957871563570233674944612492659093595403300944988509683432989033460858829986750821924993294760921165299971855013754789546607252
12610.022419461631796044290451391190628862337464633005575097699582642303509619184639391841831132946238079345195653262090842705403129860325657719642235010434
12829.797823437444705599362432173617213879950813538611622314138635594209468980054444750436663156145232978333263302819339654373153195223624990748343613734838
8930.2804317454637890760484017299814473189625395502079492569896358094150479904755021991801300038103958758473162919855817610587805914082693351107592213845363
1865.9684930127228186614254579127541991356206237874490818118357051612555145152238034043587620773434062601723421644984902125958846556423288911521209611848259
2894.313781321243966240292048203790513328725636043059753052602781815164678258621910231768187960118474502847336033940531485873818957918112764454085977685438
951.66551433423863791699829688396575288356577653159637859355350821406739042829308768413361088818686438992989144442694425159313172495271585518021559059858286
