121 1
212.93001239565690510992410891513260759966582379641629182859638981597251268704064958390481749537126307418633893109034626689602997629574488017249521107204379
175.80677666657449552748791578735609266165971179492083696697503642173506584630464780441790300996573070456548789974226005729830517512833348743147904527356015
147.03403727693885241239668252145557327170630360448250986496859939571928138210536056179631704150923313215002016741589461051910438975793799813064093044110119
127.20335285409348162100600059029204272902605754032296216922672007927578510128688764561558985495572755621364637781319887136375287519484131629325544003342777
75.548781582980845406683821873509505805161659689661722740660883311122979326523926880837110222971550855913652256493222335375858948764144760861087713148325497
107.22187020137514295212373320310809034478074139802471136712132462207879832886306529641408254389781707577795408771493113213525543029610705125499954033975823
751.12805770873016496969959313303008730237808564410095317179753919370183299996577431949606638674987242064756981211853977016925641278195099730380377600643599
2917.2005324339397685120739917426157248016103955211209240104509583007404087437906250502749921825717275079889945449395001530209987492696483608343558882908714
7341.4540868497103691478035132615456352359784495213585850496757095673351594706193159196896935630206251922520226963010566515040281900512245554226280947493902
16211.732139355257182234526498340373067238126645732795995600446009691997834157242794231743378161342971217391867305396898431888171914968554933434584350094554
18350.90732569173992188168460888586400673568194315628019403200500825020258374742837193663825660507304527264567437948692455012275528135842806337905918668612
8107.9901314413241743572270638828749084696545731609922349992895742030153215390026725602310235273671891286770379433516635181915230098186140070566258021437145
1472.1151277848836221301387853898182962212784996709539264566403111967751003065521078960853494603926031327071591033050757050602254334320185216588547262039567
1251.9057992189301516075111626009663932722806238129308815417177506801559420592680743783444980135319127297509514084993216432903700902141839987581113084588331
399.16423818821064657407696047314977951634274275197725116664232423095108022144226589310244968861093067136102548545416896116045108149059842128520173897744847
20.963768626474840242435296307718983298067962841577307410170721466056854768200627546511374507161809113703409847474313651429329343780759774288585062217484935
48.898348552750313552490850235704170170771642005735552959426637563420543384475010949548548425865919531628483483827026437757962474754197299031623002405883305
-4.9782722567476417951675530425305456728471211836576586568434569074313944571375449848423837073163689507543720624608727159751864816465005447302484114934012335
21.00085275840698703674583911262880849821026798144347008456604854976720435559464124480574099338943433590901529184298006740227381723320386483098620386240032
0.48849078136998577699343462657441951578259478627657352928603383283107045169089929365608734107463433308810329979484535071227701565693654225656659479143256071
8.028041983247394342614260927839492147108724894550264506329598896292437492625087677010583714626323919750637107085270530051824365352670690705799256971321894
49.316543563014024347474669889432766757850557738603146261455999169677294849951616339069725934090941941132038763440577164656606327997118610609163728767418496
-9.3125067774166387406894286028680105968992219644251593731006917302633353361038658308036667979901278157628483335887683404868855665560394113832012445383365406
27.633903798876035023001330376127623051068747782994334732259252039595756697294454293002532931308305644924774143561721291649884787518202430898782496286921467
-53.52095720299881654876287092249800759092729932964572616809254448018617105603094920368696923523351983346017610098356750286123402291182402948233040813263206
718.46839104490855502322046582931908544639754140216266726959510924787230560625656199124631634556732893202781781314564114661783224028936734663277288302102071
4208.3009531592057509856912062884414206476732826811828203851357872924054906053298268628589096355271207812325117315442577067662613913020103202737651950709822
13667.419282620448043201165886104069382349800081309254324138011136912623346980885204295061519976864256660435124177581442889382987749190533414210958817447088
33571.903522594670279081212642103942302316235422072453309279732063130058008877230301047231689709869332001869283087205627965789458487121835729110757959674138
57881.695466566180432747199292208286672419656735687929793688514283921547846750287570605625788557025800055743094507975705461909733500446623812665078333983274
60766.844263070194818704030892633986741588999514935201233866687166670113905992236013251524613620612830903312075762188349934280042582603734010526685073352805
35843.077187208514009206370521732351911452195381467382372722316042917360420514062349967888497710003345646267697825021046333294682971988982745010213466782406
12171.726379861617651913839125445399957054610910586947000771321441978183706331172295268307512986892741762934994788557429546903023782098415268764112764157911
4211.1035494090584158167593449370690180645316540256923189661965815472708608062974345527884482385852724789422934195081268516077647913680629615800707354293372
1974.7397838819273847977288492933271095909717463876809315234646368916847640702962449176719706469096792335340807012634113444008037363661619346129155785986822
366.63124578967485037385976279601977496140959902966411791587796062445245036524633106302569855725628154260477977698923999651212891785273481291675277061838679
47.43029846727737367583099133695095822000089804686661553052228388175546167300248438935017278314110144104041551511671896335217981578260929043700054272114444
-22.438976673159487106397952401594499447132448299230492861389951246176866907753036479803250624066926248960393216723912546147862303377203412316897030193389667
-4.1254519231403874805455804685578039757067057309675671736834410878611805648708063123294955811950390618567553354159367684435415292545280192079374886310585814
-9.435117042650526512004230327102325616564578514700285105430918334471905268176576063779347968045696303342996198896318653106780294379743515976792409194051285
-30.460877520563341462470382692383813530564149309393646055413855134624370623867467986738702149787220786947817095775566667378284588341684993822306085873264746
84.260275337925915302494380445423907685406853251121662256265900902273154440386985858949486449931037420273349506554137674779399058408245213545666852062738088
115.84081121591749608915682037191617288773455663970070298877815541189677327205646514115573001873021621640279548900437928499175667670031191288025074091350416
-1338.3695293855482866378058112945581694312974555368754464843580622997744360393193469131048095113424117288503010017651447917185939272588728962639520047182682
-8376.9071834782860910847186709369380458153875367516623899833974389871769264633128687754329798979221543448152077054101018699776064168373511774948684723520531
-27351.093325701318962143398043980773064079833852933125941215802639954356744296665656425443082898162463547890398562137854998009330841421215652952967975099711
-67165.02952075985848723472138225774458704459588621023361114442709129626383240004456212078468793478072130084079634999651133316396571314793860559207062576765
-116184.99907283799210073413592140189271286497372889956949351619141102209330348437841245011601049888299792601743512882278024659250765555923234089899768654026
-121992.78403681781949189086483521893292278932414389178443902891867693558320173267403150613632801387787126626235732213611571183401722586484308272605302044712
-72104.303436210611149045641789899273661081687350242205701927619719487401018682913900792875426430235429105887278333065524834191527648995261040372015459956241
-24306.255676209920736987783742336354184861015290195399847141395141524037146418749363993490941224726541181491142737546029362465554269114354770871037508834785
-8603.3092810387062599337478145763747462389019181447659489539667624375334726696432301588289121038177074255316149230592610856871448832397611219726149019665385
-3899.5962293724316816020184522907731009602948859995734039331523530747862532190393408572558736536433054267851416247787137244922086401620837487994631273269016
-849.25662794993304729261381036442414587953280057548001206861959265004691332407777953082068867539473202709010530164102128203020597184994670054331411017301713
-40.168585164286841876533704411457339720365625437793348068097177818096639354746162045788959389317831612725763381675492938722435751795808802477361535392892632
-25.561809263143272857666958593121153810034885245410943320785778587349269012080586931371483336241942149870100149402147429253459046515435860357948163239083177
26.88992062382118296472075208836396521955698757326652670967641213826999160644137632212446400826442499164868351158604300157035821043824313229556379739078393
-283.68286515403681252456378568106176351485060201261040091247303692836343864087514361954383596173904425611452916201971257683736336861266321358698124991920958
17.451670885701379668151188252310153836073680569932040467615966801091380695452807705466495409658676070759360327143430947004751785905011323447198901369563747
1757.4876459246953043868408892428409521341403451149137383657396079696331396032710086905871729716902395484891120647650967595431096298439074873510104680008144
12838.816436354567930021738063301810310786226565712176849618304711017072872983111775487742876789337220819558280724961340320731716180041119926154096207251555
40667.160498996157650583566342602376728951284073807776044629972541180211981797890557693929716322448102241323061028719002474574678032169113535801164969797074
100975.77540890103944257455179009170035467696652098412989272653664417083234173396035586498538528282652893579554606758001333950391795409858828008806950244592
173930.9400306062034095939502815265072566667627513041825466907114276094236654415801928287169529610042960802218929470785457886108875085589531567101385975612
183635.66227820168770635085197916344353673199774667892750229355776119579246757690044884158296403492800119042935314033679995905652970765045515612432441489187
107776.57976618188782023802411282872154584324600914911756057726962160438260275540142105772055675950914936837845759223547779374473282939088403796386630193537
36678.169747277516754597468143063536392818533640440432283293205648360731921229892378330018842995016021288407776096651331093081464542170744429883620576465875
12642.817763134563999797908018659349114164301840583969116818604658703082239603223436689919868157174473725230569495514616853263095632586227998344806390201839
6100.9338595406133988368016109900144570320062408211721718931201281798272704785592985907437116601862178821389452327320957787670343097880670265707059828024994
1129.2183291243243456127207329273552750840970051474992748381022590039184900894675327127550835094885254118476901515771255673056262117702374315616776196660545
188.99073595644968463593338538886637027810857817164324155668569394299960379928333640546797493606382911739059178227248781524956119075479649058917721231717186
-15.775537568374440660487415459881320183546038082441268115939799443514574052030244994253166701301756562624404639347149918628182937453566496897815125134655865
468.02580001620473460289659157599140471486195476600860564271722947939793699115049410393071287824138106832858277043200652580774281159865830174364740887577333
-2865.7277474950243568950329104065950162389506181884211429243427686525742360205587616511707079474903398996716997852852822698996102342236813594022199410645884
-16161.284429456332343383963416654157678987505646600209674938139168317541784944447062316590167733572539127127077242051833893196078929859263481653195251001794
-54481.16507560281560526086674501311352206686830262423582433699956555912999646468449117500846905725608000700643137002128750971452434277469990950109485948588
-132331.91244375423562684597886906668086868944393162979990367794011523867881758821764736561575932211698276472753508453030162312639671885419168682879073535563
-229796.3251828617937531533984609557431424805873625575778562660072786503329632345852486040525951124251792093835397255173620709916260343174627642090370312734
-241228.18036618005859005252972523155624545259254562685665471341591767512025045128648873933207506074067981083201136863318465046297761371948219559147911369603
-141680.39086141922311608971327784130936592735241030877524710782539071688731018595981594450479134465118345499458315913163623815152013722193442640637935218363
-47123.268288802769369401377957126277111387527420363845024671592855829068239844935433787069451595633830923459175346487128712598922897560309803225156504413407
-16883.88836753998212856823907038082194730159391127805488660885958331256974461881558516177487902787497468628228831605091758123864750280056986923599700108615
-7567.9819837826485009183807987406302731116630181179084496908156014957634062195290317097469412646607404114589619274238793895887423998520753313924452585225886
-1547.1031832652582200993167281339595552785406854223415060871827582734051964718577279977651936271775655608047064232612869750020555716546716382176175734937002
-188.12062061967213281711899286654033866484225963665015272610624382989225824003274514115716648393518794249527938978735964816649922227912203690715410886096178
5626.0876468201452627639198049175456287935716237893610741129489988960645582088234401140268357376396892844756635157722885332159411440392268497941615661589901
16881.536385704077732805583241428073071954397472853027984081094093747586908259263088830976180345158421222481442898294886018266858962072383091160715283732995
68984.935721442588701303457928222365014067286047746128746327255000660884145223843771114809265467930957250755306854507437107428803611621121847296974541174372
157321.70406097407920257182389548420207210463300216131800722771150831559487591884760499932016507250249247635091865814722555323158744074320362780368142105864
278598.96404640000039434209736989282489725903625037936654960877981740422821714136369568633979300948659566013812582000047068809039497561663919839212501989106
287223.65752309532417256969562582442834564431991277028546512890474428787303327945197093782200964055782429608827604352883855134903637153174805131808872955295
168376.25259280885009521369623163328430715129650286408069076255622256026257075988081597061933913428968454456876115458745652568596346250808233549268182772131
53710.307263012845725251225742223662087737442721966840081810317414827419964449561779734137745137173009886669975031787259895367390104728492359355072838463464
19836.746376911985757937451472870018172523341867197332817094225659783909834764622148521566646865720369507282735522734071601547637674909439699782061616552452
8259.629028118001597908179012708305520804104552316106063805198939241707418515334831759346470612761755355159628255026750519753217355952029866289271267983435
1529.9173288882644727745237604633838495647651319605824749902124343902266955636235963035223981088585814825281835616607019961400207464651975400953210620385874
-44306.315326865552004599096828727071456962658042196647947521996936853386825068482691358133588851796876863332925194745303182598791096854192906849793084630544
-52678.927227536808889953255954512909880883024716219057083882196068529351573024362379691529902169183202806198406551138819515414032837433231561428211076918919
-199700.53371930308821568363273868512207253204761677820181291623110442421446430987271337527575697206809889011916035407004452430557920667688054511298731805693
-286919.02427932491030008118483041116659828006104003951394372166936053309867686751003645029105424228616046667142411075724689912735686805274070703053590956909
-327307.88364917207579595868236702762331991092415105720208294973392653934799325715722985678979275651427069576597843454146179927765261588099368415345467150945
-166558.79325868771106338448361737639805288415479128513089954075770944150039476924639686663386747012958572217303473460764118033905591750261167601643570829004
-61679.074714474952874581867520138536520898473480727294208695658981855456877997477175625609321825230029821074129683748681981205653925731531119098407224332723
-14534.028584328738125593864563313016187715321152904982437075611169052525551129217063775557573672450013858895354379236513912263507620935234576052857298243599
-9772.0482507615887314361396283805872963284464613471556213678843178665765424269819480599422368453031119981156748666171444424118512485959466481084900609892665
156370.027772418464052982789048563175973301040730860490850188650787720996805053528400417557689089222041833313389184511875839679646415445484372773092056624
111733.58976855501836667587595362260730834233027428424491472229994303213686393600310785661044931315786110546866650888599016959611262438854972157122168627819
367099.49818043023539304957082878557416857522787427727428150196610237730205519016942250587620377486243480575957347666306314128048086085225100261903834021148
243640.44437842125368036539303249007613576046084636224020870720533005007930019764351681490759307565096538316232915389514208153672341474561162765253441540661
197677.49350134859412406774846667941988611709470557132867863569889225414094046319750498323852804551412197797393639846690529489135418030959477218112649830664
23558.748753121877780395679222074333249700145865591195354855574774797795921572482884097881111109632009494676011475453483935024433421233275169862271403588303
24693.327305326487361443627378294478653428878924106523848666416128442529680698408212897435711745641141549064979403205439720133457457640396033035167780403208
-361329.8474598098940706875221603168046643929029935246622363928603952984912280932147812186344070944688875342580476899226080523897245525330943564973889759779
-109066.08325383133793838553937065583164342769580308382257532798810167943475452123738972029047360437061602318516605506894507109010972960508880260456459697337
-337435.14117399128514686643243513161658461411380750793345692203561928414857217279827515043885750221397742288037007558899516817166545287671726942995601545297
-41708.451887550378178527505684653122276580200472245856735676889420245563327795348408954782830129326614066117681235690719058374920058847560805353849037688209
-62131.372880310257100799306595428789733200304682041501492094037268509570634559623313541885966420009025797849605556290585488566975951314822959542989037700028
391242.11554778702430815932663894169306347381712623086454453627230177174926114901896885747455248938583603075574914767762221365453348198457532922046628591869
4942.4486403107201140791080885582768306017472642338319010213499538538149745820741825936870034903850228099665317032501605560884513084572807578446895601547015
80666.083652606026676304807198737803721010367426761782018304595797656554232048016601196675981379519649259430791769996577818308639597673148726475525526659873
-96534.287281793242124362090038057548368749666687662301776618393204845141266095426873878361107150059418105345352216967264419598702710266488232990932401790529
