32 1
1253.3000491634809174771616486357317261456333042948381844930384559924193219752157937009747041266532787277514602197156340045951351323658598879840983802694351
246.25060051871548399619372946375919398588155846246011436104071512040191288446968739229315472769085007822403520031231412038290997773115903401517963384834135
-1827.461899366183129961278285485885302772168872701397118247027931912332074069830656506847421195842387364311014854459444243765616128679755713621425528900331
16062.569766267730344790082281608131116874136347401798531445984360974759453135928739222327169314284508954382414625996667975883421711766284637267298234921323
32413.295176516699628070559811132637357763338827721900861065895393508220510911774422548826062820496127994126671092048470062020261706702019847169390243025742
88541.751019950892914767440132764813310336421143671761433470196679010237791373025637827814837710672069742464556513131173036095385891773045648690836987459156
96391.317238848694714666645748998430866873308276936882522900014944865915393272351324350792217123524719644056013558052740832676245825513615695977325855547526
75920.599921484863086831251175717157661687546356697238946788687599280912450327942694545707831587919369816290591399105939395417437108772797708686093224646218
24324.007746994566702860466076062710938063203700787505617864025432346864768902416124720904945459606300339819142398043253746536598020771753428119887196693911
6667.1060666258106483018507849592539648148054363652558076574689193062077146184274431330328270562414161456051091342013043130165874987402713177076060211836055
-4.0337439175343970993304399231307420467178235552691366905300711531377929885402347803965662840178786203397092624214967274906191297157240314527948447064420304
-11.553109025424115683135392255562826501033803057979090396935086864844641637541371235279241044122235365671808607311650070436280299715661187088520490133488383
109558.90505451471292609499645282911238383086801457475168618046037664030494764083468413565669672927195701551723503654578385780925992220194057593641947225301
152900.62919678835781278429987103603819469225521234160058080263788115539754851142627335376125950902562280442696825794763567300436617870890224044300265242165
362410.28114868350862892664120480314421071663049599430811094019572860761185177023109144068085609347903966782001829482041485962702582927781781916127598009335
335701.71621842451368269717703286981903833276280158216856351718848381125482872146108034948488014418957755146904495939111546597453741977259454624426479078168
305447.14202516287078544302314253754752965541524227373373114108089096156293480124832944061088205337910717551616985805724311142617564587420569070451974400416
122765.1851275867816898986090392511381249948883545297422595858205862025193851979624135709285164404732969677092482993170203513207124869273201846347287135323
45334.278591698208774490938999089274561157061481530059427819356636680089379161834835037929671111926628052846701551916677945601036467685746583549438367660452
6421.1380182303284415376992861020592912317393026321237413793634977441737249899924818134591073258863805604733571003761025288252191686920075103404307899328909
-384371.48065192440702987078108456147438865619396391150078722260041081160154115797618743556475249917850429062916016114910376523893194010575193190856693857682
-312633.96245322060900390087258962378435592803573005166057641551261070188861440710460970051200630782057801333696008211010735892896407458264607890255394581848
-802968.62091471324664978599412814211254622787834310874971212402364414758735691222768875936432854086518336607151282352026753013130400525444951068379971461093
-394401.66167263683679520381956885513277700490722492878450548461619114787171876684946668426554355178867436335795350132315934469268781120415494977356519942626
-278337.8961147115523432716449171187355983952665439313145898963514037895746275484337422122508454004177061509271891050704851865770047844767223896907329210225
-53515.029167349823494395953928538562469135057200439453318706811243051654433255007402911140050235007330453303812001740888109298282927744346274831387619295614
938297.5682463423348112727055244427699764882707252892869031159309272567481262428309349078873378318720450766420187011920739693680327276128305330290382744488
327529.22338010280404755315702618064031188567788951714089223796481832127969626383493715138218776214473704118785383945773368374320132663243215984809523192351
743343.05064532423391526932212931252068805260888864504073013614752361228549500145129673872665147583443599161732437436672412300418766900679349584482339383139
159353.3361878901155547478694439871433224337751899787263197991270128089713344015408847497408983667933859384307759289511486462514605340184815425067572626342
-875329.65088515931114779385341493182919815021802377512854493867785074527146399631461166885018662491491550930534380717701117025389987730663565255710025198199
-92206.9904998004878245312279811288629832458059752851636958612182834857174573734335949978960812954800316862451279132942164022433021333922314021990504770645
