36 1
-365.20970911056937213636717904771871844006879017598273150589429218368532900445125391411444688414812214480146985604217960526161408560557022702258419561882667
6403.1283634085238626117810317713016826982926301031942544885631798257387610326648403169047041288995340328714322852794872427025341523101518250896305692150725
12412.635521374071761939934391389300961333609815566910637537592213845604797903953569266779815118299291062633014548678375453517645002479360387931263163547142
29262.827482389282482789604929652909412276685552260592566512896956883917865667515678406313637137238063344663479645561071339831179136997623472747324562807037
23678.870953870858117191687105315319251124349679369381225631546644309157623776780366670369510029351880180187803079524385115766567356449005244091761412784467
9445.0118463767938624710516964713043614233887343227621352082665204800279445822649593010709682576539006269760401587457320487129525375100558731402461720193895
1671.7240769157327008100575224680220645457851964308143987942586388554451451427721191586377534042032132299422416527805287091997375607578135964690895583236007
1802.5287866369055789811675263581168329157327431289707631581927119796090297741286396099022716162883555862284269110233527534173828354459878639831127013337508
1150.5539268781358051314004567316959218085502588901338746425584564702609222845150216449693741245399393544223158328510104426174149782767719951288242725437003
-57.81071544031737495576992033755648967532881247564120738485070152946212620110026443254552412642898489058558630674408580018426179227021789447125408947097806
2.9687800151090575509501124594447540897783128661772780072661107713404870727221610528358926991674087862404248357073770540182110467450761191291292135679825316
42307.699120975102337551304170584812794935468806605245932446332948712053360814028136439690328332238439874960919581555617861686679243526658595860424145418274
53108.395325566651762268115756045815020594452637722067752416432331439786472978235586558891668295515879265147198110127383672336071256026291599143638747307438
111144.22882548938946355889124622065683654501239097498400826230072468274186445214639808936587389336927881172343230950337039873113015511469393178213258706339
86988.618344607488431504890725381245916464979609878433043796775142272890258900844808728449998013486672920037925784863627186230320029419728532037617557405151
52439.270111932319654510793566844368598904244837199177040640805124525079873022455224325703577308606284662885979557574310816553955328691459696920609568946867
20217.466118744467374950736793669598425686537022914788965503889343493205281681615486614385495578773914453713329723893156792913894978222401499550774272749293
6547.6169259297244087977108077937614266636231912389392098597550765856658676273610830203785167902748677936538576964728846093920938711399609229516689623666045
6113.374195034895041578679365445511982557344402494160205076055625250212325188284730433657815429774678862022465859491987391879788269900732157990493567600854
753.56618212196003703139441209429543993558737749326082688437461157576477888572254871507202499875631636029881100663931028391101731979535501958333466471030528
-146840.48917062712066179441916209309892342852053280665166069122877070344073096691108778006835679216647730296108925578497935600987391647677426513517026431916
-102307.62781140456861675787267274253618511382994959079760066680546959317006889511153564022345814354953847082349234371537673009544962521643777530807528228413
-147803.89150626677986944873540635002623762284927390281212603846972882917399606308107548529583959159455441100841817047202333838932196041367215236929566336468
-40317.4753932263602584703116909069716841730790020631173426081030947195811059465413955732884721727379635693297245325019279999204133432568244648979387479028
15744.337818806119716706679256836110659586331691657885129169532158539005498344180439559240289295983550938689632056590712720909405687836540538734934183409291
-5161.3848532096620140384135714426242028261448598835868432299019980301045040785501643441930669544882665470506815910314981203979112119465940354983111427198422
4071.7873325258637774802656400481147324753710732759824237629028944495258481882810973216685938191884513793139888347816216763246970404210699137857211367400165
225938.319987697185528642828223004073750892444354844827570449247170163180857129492237185395784843689415790774676120759522726229892007811176428202830004516
80263.476599284200975874536621670683080715668294066908359700511769724787880067225234428603008633858760369773391532800435375344214406220279272624862174421476
1774.9667527590062404958890880130374956310761266456968025073092201144965443070783966926280159178959835616268263548090092257583350504168206770472469989890133
-10869.946559726324424466836946965323871367900488475906386389385289443727316390400610861403734456235072637269937349151408156691823915294837866383768338351617
-42860.570611880182277780876813501022316254037700624633038205662649421641748409318903052951782725710512013869229608667659380125899190556676590597247583985607
-44599.59461376084700600713968561409937186727305814105270785721521615472180940781023885863234374887356878270465339852317643533624125644408418802839964042557
-29100.733941251205531184613351846928766113984304109362432571893677986525102438214291139057704808533570889659691579729482080630137350703101097504066984483545
80523.513057654610412315247399926390991016418041986604716086309347835349155017436941353828267759436870957212700043753064318292992567002004672215981450004094
-115549.49845374923977542532608395151547635032127336561015554928787263535980938305890601012381240343523197025326407555032197249985124645819684516117174648634
