37 1
246.2495659807323199794158060275564480959154212346246263070745500975695090545873230307058403596498055354344924640945857441810236301744476163839094258446659
267.54355068085394074615723309828088122857638578353721889697223583651227167093193724757056737387969083144295378184586235453061603114641815844170591375930201
-18.163784755275203425855357770081243273543760997541333729300567596327889551348266781870957918221149077751093301618678294528956955438870548646201200355191546
4.9278712388056258646075476491653122542057813120278881914693186710669137653606557947936734841460674125673242246117244909108486210431899781992747192332325776
-1.6099422743093525378141991582527653874143815150919907928987180542825486318312026790854101095837619814190204630857384072968475383630399278693448541408146215
0.75590387529467139985660208122182305598991838833025183548447334491126583574926929647391348463921499701772663640772275931946903186060596679994238496291864125
-0.19855540017199843696760028005317704909508712966890614095616300547909579928370508696321518533976415833618021108460647533638243669617472684838499712931283579
-0.10033172204580462009171083386249421129733455116195115359884494630298033483967438772187627556731269599251614320331806203307020324328254915244818766957786684
0.033775513626466104301071205383993180483382842215097676799647344088690095181629872536129333132884493132857156826184839893451442555713190948026453938866159344
-0.0034038316962915924425988656222795749694531174589086785590703962970130291490290650364816644877160887149153436718954411580162506112815118392597598415628385984
-0.0019851225426864481616138829496917138939864349110908028824419826255423911996608247819460223479676661964798346478871423570235463040938937347568080069796938191
0.00024449333710366796679832298361550822552288864749206900275777442025230322989250498567298465980538562690970283686441887992465995887091149028882508566751113321
2.1760522834710921730327081138347437657961730114699985553494295316806605046942831879135622163696891677126081450742745271568006898429161655947754789466554355
-2.2487613515650128723324444565633756254929782423115284836452184155917339973842511403749965991567316751725339115540670291274882587873086516002233362943275968
0.99435079065065519928254950312535453439926231314244120089124229492873880627513463450048878675131639786096902348364608409890915691497050282519534975254204184
-0.13221338243176752411472228745021559953120711440074565016910774603569075247530142966617270412661297470487054977794060897094100057141832054666376021064037454
0.28247312382860237742851877856051723501791684432751914273684465954714290102147031197103888522701908735015600766655407736255006741297207562525175679998932688
-0.36288891789792926904567351075953578061024439183110674370771036529690504846693646855265201029395588342545411244160354834963148016194961552323988462783930811
-0.048522557799625778817897662892713598986633527808764926135646848643486443504837018575146686083445788933003638993433176239293290912634650329698296208129586511
0.032642544504010396683524931819240473690336486332397309893368525135967729490501559563890129753356811141081702309750085694149872882281430581730742727547067773
-0.013196670117668990713970006229758911161065638901475895118386627509658428742470890237165137019934720600907583895203936501671823554873748051412878791737445679
2.0362815286536099315973009447995348107225636862372127247400589841506471477327471796697681818158495235817804215111666752980283503335264505533601279732773495
-0.21968845572505529262495148604414702018251677448330201548117344848967670283358356315094837051013497149576492468996633097287340745792685400439230281109432146
-0.55717903011968114529025551417194318237785898743714910947212435150122841601266297511032251322857974907785049876752551483485730500709391208348560166658675005
-0.41153056709905097893001337642638179513935727664716248158318818217888406233288048280568755107702802878827675418765216882246762084052533993108891424922154961
0.91371939256676433699891283583392042756730271071198176301756476336618837166783778164716628279703241615776017009763668470426887986833112900473087944516413618
-0.0078616989358675574503237090468753730842776716613422052026034901110528801987199347615594586458883963819349076650663404834902737404102893335088369265999729068
-0.042745252780378258194748279830140889735942577758716225150967558762122092528899089130927140202479585225718467214304266305893543716143712684165500366250531442
-1.5766297993755703085957375229241238244453441869897454084841690561051531681906206496072025002106364300874689071331704810241097436618055709152372669251946578
2.0100916431832425970967901906689520020431286894485757750688077956090597635098367232952615835607721292834837868960826840549499152289952257262872703447341467
0.076167841964459249926368073300995340583868906663984550211083919232005145902960262879726814462419955589766101946620548283244400614149638507248729214724645676
-1.2368807015366764633448525874838901775513713448949042705089212692054770654345355471646639429198925199389479345285042664748536462725931958938217331141051468
0.095315481761512807118023185095046815645042416289386646054825500372118019916435914916721140087741268890675563070549337739769282734127593195369209699212560403
-2.5405866011926507151235061992132370621254002659612511171528170318894721459997524838359447332939698793944162414726854990335773834350733130321153480649249869
0.55754122303433467564408625484838914276552493224939244194708307748505106066343324702891077004563092021239412063337422684773094642370387171820654810738019469
0.65333645835377822916768429906142693347242675354100650338779596113764050167110898544017278881270599271680686399227937509881495127125482616312991331548398996
-0.23734851349383226587099313140640538414135617552047959073163072856029718458543760136816034267239813748095207661423867755927497521021789032287439735411407879
