65 1
-3.9045758332959390436114680352368156286259635079145280705147948359134026426172834177315811056636641956879121587833711985598858632489140433979746958602395898e-05
-501.5570437315970634644187723431779794545489856722226932122527869268398590699718858385738648806870032675323817441932477533114639981459468294679027565209795
12570.221778881406813507718377221265691805349367833378314985810532940750903497197647022587557387405129793802768081593410372825980726586150098623786406106415
30618.81673528659648630459402015699345898844767864044695522139321044263913280110050742741577144452815526944231720989875334104660885565644438011360572490896
112904.34547834000738475564551768002596807795328430599027858939974980390960480146295728142620171217765140310012770124485398791881803653573015946902838154052
161075.59233062301290039514925646539439451694680273768881834747037786227836661210673260923248948511438668066479702637683152338807669703883154933266556327085
154789.25716758899639035334265921126610624647731166302975970201558048059779609101641210027460187706977388481082051606013115279663597150401517377140163507217
98762.459698482248468865439139837968922686282978512666313587458769087473035301889139982934487657706463136329338444548631205373469558358522129434274965287576
78412.068921194902261077604442451243994943697424844406834150442536786054714384935373571670148255503886100579977360211747981734266244366550315960378842614948
70506.867382140503516155541494283923763235144691948115682891527116228944105063119226696521512736326341274800449560470524878545176224275286913965516970573043
49972.216387285510036968764213465113948107605304746852670313756017605854596704336969435885179409873028578459835280659941536769954042883459022504858932884265
17013.609779129639098917726659765328647463543118776977722418010394878949376834159074113976365064978339659178626446344710285562008098921478622578422303385222
2937.8581467078840401096374551827770800295296943326944352390904719661294946154828030585111328807638976962694469622402104513564722846224242012287992180185249
873.78613144582946873606148879037745929904042717102086625912046955035050875487046408844752087239351389627852217788787084136850208128248121416999113191232357
-28.024473745178885724805353349048744891973653232943533039249374027678097778119972292314117247433955058451444910063543571223650920010795921363878435964561143
1.1445414525343082460278266805167319500601398090507844584777271401738090044659759589105731561193032782576526183591332546644826620939451686223675254207611157
98402.007679849258093868592239390857358622886473308308410225841996113315775465261841630876218376765262582152796636401779773340815474599611031537164846378709
146081.7649848925859820254731394603774176778836114545815129754178156897283561781863053037242226384063991579014310944698030033037722496063422925194147977608
474745.61008471174984201261421031051279065151054163216980806051215846965365826176592549390608322146658971781324474016037046984866342510815333297644526239348
569802.67021138626263299902755411484160406590415488475662455158904309581269314930380545993261201502535121998173397990371219217112710416778164034847891023179
611328.09922802160193204908590413624043050498335698709874528663066450009185504586126805542666491175205407774383250255025156553474355287876410521851251953925
424040.17555306297440242081156418287162478625722959031316702341999359348886316407799964912768701727891664894859281203345916124650194367088348661565728162639
349970.83526169041600423375502751002533498326932885984614973110523419064229195311854436022809979834832354133497743904845050499786613904408825483947751886869
271605.05363341799156535849475992464060078795248627414226617599021571050490792917460757477587132143062567486865519762031207216151231850741898465509605142929
194992.9046455473564462480952269741678746571337458323238610782900583139346591642752224399697450641768505989082902690963494760344636195050334472577696466534
89299.360549651133742055320703696529146576083805236172228057704993952231268670367449404630802109231350947165255026047119061757206621010151687480624652885953
25122.568841520499351177226914591378851608202840434608530601711300258135673996348476294468810567612097983928869079167671726774309579483959889338160899523586
5757.4770464446046096289276980147845521429959159345598667935188519299216245714002660244558973312487842405729411265105423250494166774830671348854485721535816
706.24530045563561849092976657879470663905222946108965705133519161533415660611162845330258687158878449895734500104365479041098425936510553393513943034278117
-616760.75156163255312803562761615558401803420863859096783832390823059774353704565613741905137401231780833986426978972057473601132992044657898114807731155061
-461325.33488662156475594438299064185724422463148832230470433217936893243990653881489587988273708070451481762241973928000447747298026547626839723060906793802
-1318949.4588412336759691610673794167621019476272167449612966724976143686929149729476198110828474188053896625384046684225841741316548732239434743716367369484
-855170.29368911805290199848963048204767450842857250691579948713379926898799508015510029209406135571146874500584679686290378142614977428296162207337519917711
-901259.30116994409856910021251197919863305905364554844997403460258921489621731942036968281458735035460931545208270080410563506001583557601980157369037966345
-492339.22644522829943718986038392889372587551240322654928507753299447401021236159633551191323378239635639175884610182667359298893822747726259374560607610584
-522533.91016014186458699650482322940982484318151686521653957069367215321858214431497530325296244456890857936459269247978351266861789226116034616434828630987
-316506.05108875127962887039620779212994022846552178916329542341595129896368277264999609894957524919532539603379318712375431050886306075032452635518087263812
-158548.33017576868892128562724092375604439885952409796507246739280701567773806960685565752767821922830302102896804622341193483544548961992992362207535876773
-33863.324499415295602497306732840330972748569649969350226376931690146770482335830559615783846517831221480098416026248228097588389249967995541147123765393031
-2013.1146162697601119714929216144198378550829148844547269581737716758359504485454774129849465685476008036166229339752812411816956743349562922046965281391341
1910711.6666514270090393016112265196294567172823131899577405671237019762997635376443366315374764987787013694823697314941611568963713304168198281308271001021
539066.03096083744758299830665942092270923192423897256545600193160327824409899238536251572718799560112669811195350987371437200513329383714831929733976710731
2060412.4172123253842111182359287424089604211072154735689218163050080364163748305094155388828434669371646977226451467747776532072433362752950369145061732694
489163.25482757538480338827122004110439419527319340121537230203199083389681900922500290746071608096502265870519260794075002680498743997523361400807373285058
1033991.0250334859395182610228629708511159827437253417415382027745304652553696264116019542691124308731153912024088968933719339696478229522006021215904599967
425568.79521954527706194500502879326340736117509922262077343696730212563423418209239422957335572820380607666238839284243645313326761538064120511173732495007
531655.90876376501502147777865603099565256747217934229747100454361154162251014509576035750925613969011475560876807569548201811722082986774915474513582804401
158120.73602486096731764650896519704848852568561597760253116110951780336173207654317130920039222152379032409646158702655535084626612215950543399382198514013
45002.303389736898154939842866076050186020421199018288997574939916903986147371373423881832576866545938850164512034749818151243077909835720220946308511425031
-3467563.9801580796698928404412598118649330724579291243733629784841785855558786682269626133743071120843438445461085059241952263373001555446770100835732922288
-8736.4267189997071961681486007905229898038392332249452801070206036173486112633334668787268078252096240100684603959271258711161639067259873621779746388747549
-2339396.9008030166209260834908581124959652111696263529210235143151022502150867737473660771740576964859871238505586426516919089169473036787288602161349227656
-32995.586751098236866282732916401878840444769020306116604047553790896719709781888304599791780419205891095925598276181567083814412607029199111801767408955997
-1230659.0162702706297962983443406671128727700721609383994907003417579734807583775134252844180604964487250755449952254043373839189505610554585831686065069015
-298404.77915599626065129345979046339947855338472984264947996291965044971941691423635008112435461202456915168646430238141942529464901428882129485376459879538
-319173.38464689513900149564436789871772863351070662444269300626185963213092683573509865420248394248854733190203716016420230021074681644385114736608316270978
4072906.0450205637639554870277476386639593741123633613014337036233390794291461761307806462864082170313332820447812284494697118457677470564489130932559898592
-590478.30605891014719242709651511528993062334712234396288024064872893536500136989470074655033399511834894244032960935250908820971046819095848549190362670035
2512276.5453932891263585930872238771246670813479678975617736869101650041440430251272209259702903890255119284886200829697160147785474425471261980633960531167
59089.623780686023187897432754808614664301056508180657243891191192232988722618869966451989566104188882662258838187551757393189974754238726510836574441684969
1126245.6138247865256859286067700655970480579268011481800703239422486507901301059173015656952547231571383155488287192849131786074515992525548166674039158839
-4007939.0236415144221906039748276238685837375800500394787971218816702719032625245082289498750816983142033601691931763699575455770507926854838382197536708526
427521.58836707778288007182843424335936559667680103088091082316215126186340728099974087885234638442348148585049323515549783141394046031128472924282787275835
-2564639.0752262592917419239955235207179529414083400873866754141677452790953966415730949097103875559108251916262244717107698547515437290908796968296849112768
3855156.9193285490943524888760577356796461979782473343230861941638799432788697797680400816317614088660256927796134821383223443410926091061198603542526114805
