81 1
-530.23549997312789249312764011444758445115201735121021828055900889531651597116267073487824406955353996680129940958704705164980969026237457576607652697400104
16610.763812952726140768322411234517424284389185521802095875264407370946670177028028607951364233032221534904667009419484558950784961595817570508510543529097
44232.403299294803683402611269844643380244738565539279511281639569882043786802876556632611547152923092814196885389189478359736359260141751533590572473239917
200689.93915785168201808479358699126233726834103624456302751485370950466919267771763273746954739482295689657567998251564177558526423430096235477101312109413
305782.43702922755731577607733776920464021233517412818724110951200982611270017984504252598284116025333218999251782876954611785784128011473923752095507367442
193835.04895238608426322844959328867216629947258260233892161512984643634137086831369402671400150275699745048485846082711155208530303317413490162809560456656
-241221.61109016132307785793050446982697511289486225617283024861243753527311964679510113488570847090220443957664776839828161937184978683757916042174537306841
-519385.40612790106299674964856953304588546476968771678628326332564043811154088252894096651097293592026255316304051531466472250598916161284593278242965805253
-410957.11035049195384973132605895361142249547421034974482362205445713715791949947595363695693363059215455381169663814671477858842718985891356752527437963234
-107679.21119622500084935360762703382076708878153609840523351532355140821691672327256606693919045887080629058234147422962319787175972162099855837438182161444
31385.025859627334357782109496055590241326225435747164689472460468005227045149252795417776614141113696289052521581902356382716156356290738883665080703220282
31527.638842898127854765127380903878225872960928795202804502727018798516272274350292069970923878782884269006320080000216842930103041314141191502810112921557
11280.258167331819293351562687787880729071785473955893648257531758235772609789514910033943597775919002236000166652458049680331448529962015306551927863219624
4182.6835847075832217202369722800069734631197501661134232886463273447745919790980370938158326958612551991924142962808729999587256940221050630820766872645138
1099.0948873223752413473136802958486025352892731274835857301836088651435287638403353224710027884664485869969346209235661528947103470399908976564216541551137
24.205741512858428718120382537518028006978882642841138796688647637285689550388985673079535172485113765947203225085044682974954732729175479546902785634270161
-3.729452428134189182072773220033805153394374547460265164264584196025661984628518997107272812836813498640481007784722962092411422385055283301607470237151064
140665.90025006033930876909495780712733271851750835959090543621146541401419639520604533314523535482725849277148240996863136930711979661563358872002631206293
228177.68541794722940263201933683904831525901563614097907363900579036048956099360975959933530642499553160281363959734883629645551677542333306909666897737913
859652.20007257264460241740024853232914134803286569139006517885675323607819884405765117693141208451173640436617996047882900320221260104061891447932296410843
930183.02702772208278256165432654490436979359165619119953594075696615914912020489210447592974054865830341103187609568639283712344371986154978463245003396934
555466.00181198561130923724502996441623857348973873722158356579865618900517605374131100135980549727538103198442665407907304109458786820750397231838916301881
-862689.27945978397813715021850132111042159383455908265594979092661392224927882068525343535545064609946121786822036837831454235613157642620527425409123581007
-1617472.5460469069189822368305487117867874807662344601054990030950441030302488707497503709129400726135206589125076169073104671332279332149858116619259751028
-1472777.7400699530305834520944128783810677772778860834779616848663910497386173432537876568539256635878763934740494359377959193147972431792637355059052269326
-560489.02629110264608975056351865485398450318757435865944923565854975854163626860685788748532976433619130015935850481522360402294907999223788560125442568692
-20615.796420093587847844622171021167378001743001771919496910872556793597170662984521174110232927702395060884606571715372257049503990573564315518137505830939
115442.85759697725891002156068230988533021339334713927332206781325233773452523766931403072974181134647164301489336404609945441290406785091509908380558370234
59670.550333379100383849507601443422150820843108725902699001749331237887732530287139035428226592761119161179158866891404014924373323213075317059261497971809
21801.264675075357024155302443185677815853702512119227909192443360552275768907779865959622856782997110661158577155485936873654971358285909076323896990085588
6903.0376669126402238965946338553104722808769531030473114014061450047032225835566625235560579728442729908982979208033085209088712545179000625992259051753837
1268.489218394593785359814333948656905048380664725757837216410756873929583361669665131291328129333265513004056927423098627462245599600937348624341409384935
-1089229.7376847725140973309539358275708024417744714520867358525016669913011479206132478059143634263517224258881667590153536581169768547007258692264079007237
-800720.47854891001712291367135075810167653308862869751872226844801890412153987998723070168589210635078206458773519396394587984216246015961759242782402606324
-2522780.0247228776207008558633078248641207911448344657144416680562428188398635843094530668740444038228091057310264379923467000055986434598654735731309954741
-208000.36031841210103473517363185305696594381264613091161307380247819936752423384701517163799980033245771366927247802592569275458936180027949830413056311025
1246896.5501154603271285294828374955851686790818256901686854547495209821668467289925678181381244218391271587027305693758054803501249441638686443225230204884
3888161.8519055353220447075956612743358664460304330763591351283828699211817594102200800108468296414008500358966270367128973642315849658640333017423985874862
2729266.370381696589379624944332260405009993277943290689248989485482034185984316696399249984866907820129696897601711373257031598108826781198245495832890249
1439129.0460897254706633561976394521383541964714305618204287184471825901771940626294994349890467485699655542445728097614136399550289417604393953564289478406
-26497.576611888366357438543823664190713222554961181746347324333760642126187205580597296065552935035934625318750126006230104141377543088521327061186065524254
-135887.00817715340222602955363590477018415236823599881509363610596553351095199233274516767037494732214143074046438754236676111773412582970222285985921068338
-114001.3602928573649291993358598511694860268013951202526651303174281675124152166459413185039680254315677689953736145499647832798952805796668097961711666877
-26142.971536072911451441966094148948404656442551968555376764784062201358368184348257932593041106660212008073576791572581188435604702484554414333769315004611
-11898.930515955231019918804798722290473286806418817052469446793817445534099227221857663076103304835528575048970382380205836269979961084761244353500231673486
3843934.9206164132499004270133954822359184501951561049025507425385078925045337081865757160989975928394689077896776593909891565296987250129946323868811883462
555463.09455104095247261375015950306549498832573703488337851409188182440558618332389864135237212971669491654692870981219831139613276261699631885250400292352
2875818.4120367682341593015438403611696430211642245770405565112933827017713482768678320103769337737087279881871099717930071091795467971994975400505162609897
-4540745.9932827152071623532769425385796392545312419972901237956078075609570084998729598026974963511602524261600306023197916095519562778342832879160637359712
-4124504.734567512692344925783803815020550241543979211898832890517871434121552071998756884133938587390692789552943383212346437202152605809306511703688437043
-5675765.5403292037093226811311754181896543245940583345257633301311538842348112408087211029169492208636899632232625248921996006841837080957721641555859189011
-1371994.8762923765558627731351247274242312522235233792807699361350486954008786833335648510268368774838222373300932712353292451250506600096226614661733915028
-564756.58973502818239505845109723226454893146070123060415906110730172614144059658995715774970759393768107375806259060650632660775801662765113308193080322366
410659.80151899177223167047289277383100541580210821608889812748018108900378833109345841745016569600962534810023889790139670479655937614364227882968633369126
28065.057740216838674416595450274837424157151798329699867913782272927680065593525440372571786936584820811972137495612777156625814891815830816895694241032108
61599.182817096948134343846021264626066974928575781622509471905716862348211165177213081238887697836572223645832768296052847663843204835084307629027374448995
-6517252.316638012548875526074460890608061244322582858403008659592748262519999466712223473220130458556920081456427517002371821210020981289041591821536859263
2442329.2690206958946234466931637561247036248390344343617897542571750010532426002631084229492915307387394643183510990500862763471746387185860554192247532958
994820.60039511333883827148525424081131170201124874471299521257727234226303716912337007773526751215526887458648694835389208957738349534844657131513340157517
9837629.83715385036137527988774919495760135603993096259723475531582756720959109022504048915786892137186584634907678071664404175887000541792615681628443103
4493033.8065294003380382231387983025582018384916549410559551379087601307683906007741560238482779832136947514820927480436827281595426313157794014240979669419
3980848.8354466872896056174901146594441920006763338810748925524487159854104258467146510704606783115887844467882010419721524551406124997562781340955069936699
-355626.4498129160287534606604197515677006987197656819617713441024843030580538682612602663886679169594322281814185575098394474968804301266059861894923448937
157022.89787176062305315295891286787844419978451046122124902347993544876115940679774123686997393653977569161408066386896023638890013563423734553439970684192
-260399.44953608253531128781570934467743070266806721101489736946718696806540161058866797041624506308508908960114166021631576484536772941637946752006761822248
2685203.9652073260532404311183307035150915865392524836405855833227732991483626589650866216612260595726070500258977901131335185472190787824557967750835548082
-6521642.8013560830655772040475275123817939007374784761633121895006740029590142260597871309419261190619359012267309232854072151227748992108133221701447143098
-7387395.1426228349545319571888287437001874618961018363782766456196417292868140027014196638447337183292882919015507051310801516836516307169632876656345803072
-8615853.3489657603547677542029623172688432130651447718061602222965002730378591564953283943661278080402559685465005038278082130477340843624708074684597671559
-2471153.812757222448111283026789240879329883259219476915833596820447225345103810874928543668657323867366702410991192923421164204518943584587109080971007809
-1195273.3809827373390391360842143940719440788172040588446020161835280355592874636612510985450092348952457402907712340869274107833618238110551545230452860823
366804.08885905420424037236663515898358206332279094819202412569390123885485606276197980625487888638195472957512279379566333010502061337174996201240682028847
8305316.3875049122736436836691174036404382860075636110010227130660568344265120640372841320307935514808530646588971433973362319513306713963190888144508471309
6399260.0920344660656873755864749044108627881139673731090045677539533654531198060183131792002014810252126397421119650069639856099583273056995408616059469042
9117485.3066589788159080655448402903635515890176381436663152969851032467192069062328184220804614196426904132051516248549547731848102350946270538570421633671
2868431.8690387717860600307557986934267479904100120497190965552030630283999540369630886328343873689095156982397828750862044630733176279287661216315936262458
899995.91447614374054783887450869096869493886326433763251904035313429604093423021005659088250519023536950526081305732882182117473677785972978097439587441428
-13398105.751992609572686572593945908425396135320581784545346993514570417589090735263388827542565043271293561698286997704828882746449158589044369764811734401
-2633685.0473104703203781961304781036024541712248419400904636973217607117758031870063372869208124290734288935231636056766784835013651364218958150229282377972
-4181319.7850052845205399653142856381964750630851426489119668202129650556797645948797660360602551234670977494427641036519974615599203151614335736135448661479
5712335.4411448515668728292821181928173071674492238709752894164607046770222263219521498797949372106447863052405856674935939760959380892108672831737983014533
