11 1
-195.06292993305665225057144633986163486795231429112731443510349132159372192581781668196266589195123113580739797589994130626214265412726711678995653638806369
245.71394110941631561408935941250673711234186235931738162261895741576716628246338859698154334276044054582705374020406645230494647320330356419535986648973414
370.30292647777673824471835768717618198725653965277706897206886508581241934647864340121314108385442291672016572171084942552837113768625545049234087979796959
138.86902935861248857749800678849066577636961692228080351922280603069704502018287274896227818318125819919564040462825653320942327247764659363443067240273926
1.2069693239366916360893757688128363611037646213102302997016504516973933751573788145211215592326388633057564541392508806642849185104330702033691686032590362
7.1440132114749242698277690980721474281059649376537339466671389496446480766419794751408882757849730025107187018884616151006774210161478591375403902683431763
-8.078105596207949517651113906118332224698492175948896300820476115811660195301935769207305393312572585442482959028031361251784609839485431123798344882044187
363.57401298778725389866400466017830268699747852720125987407149048847996216591333984936792164237214991874315583183407944651976166390438966504975719981326116
142.55492573811964142252938922560108014632899404476851771218498728788106272214009775298954273085061826940527102050116564109020906960899141577698778491644551
41.918580819198241215511832949094333122328116173566825779514213454725082740523965902626237351104490501441192653065230686554325531609866768325654394255094428
-7.8744283034121409274204820383366106103158829826789775663935565883421119963934930373018549554931852735797341657028915874671495913650039633268017968265167549
