9 1
128.14011937656276671816211486076983794062852791974299502285904108942325045754335944779645933121601336577283153907487390250072367547173691482387750629077862
101.91727367519148121927022276594631703305950081370829059805097175130835670244839828291707574226993171263484814422660033271500076205002232940772866194915011
51.550791862764258721549195517961629366214996962708319687371654961735808796602014293947815678391851257350441078426101858541705767779704923289429043830247081
37.425730644244850593344753059019699884162772325011389718750847386614767353990661327768387109474064737841184477385992583962137559224785498849276230872528139
24.710487663304075891935392655170115536943810845651409247956086368257942527758533712746281203805767180302642751713833758007062020769995721092091243383486633
33.035784880018838363601059741787273671421566581497683409917346670567300964755522378257540000741778032217408794751188524355461006597309902171491834444698842
-1.4746725181529138323120840357906180038830438934940578897964837679073368908838959766231784004132402361224255983877974484135323017160372075185584448384236143
-10.598809231872826248097195449065017166155044657513300536458600001966550378124875956793781739247560862558994304230760213784354386839726323230105016706026712
5.508320243944768751433783312219287918632198088383092906326483352518378379837312864387940452008536716769622697595340864652332456252713321376057262420839149
