38 1
1433.9476608691323380251143735509374291944293696238638406184360152499380153600558643499377730688545359579427500870595582647803384805786142338156813495791011
246.23389161268952297660905119379062446842249197295447572700303114548474096548323388459144468056943312536031826290684695433823898676563399866694266074887325
-2248.5653699452219169052945374877765477406975016390948259556551915603182011977458394192443651268062284874640812562977560252406258873991187696565625115873948
19652.806580159247081957985351245007001528422961200674602092300263349813641277315988543641075265834376226214941040264143811560422405367175582756187024739138
41386.832102198608964226994925352827605218788754906100059965953090112270308618242122490516147087414292453090258296311260887690970626494347088202584422463131
94112.224462810042636912875293126441578861734194003802994088228097428542755712148042212179804919053658796382550573809596568961232246627831944671191532636149
88191.780498883247305528759546648171760528922546986989851014026367926373980847997506367194895294923100087255129506639116332974506508592622471399983843539248
45679.752092019845749062286355067187355678422904476059981313026820830160687783580835513747724940474080564941565001175803440187216288971284757871351088735314
10221.817387291724396477405568796856170120413214775284425479054680562757881526928595977412642030645849264195307993912709497980922833581034976618985631146954
5675.3457002892862985640350207678858818252534610622099592808531305049973428971951427350588522381966855593627192092216519593333599234232747724273589947342572
1904.4543509733889735823871937029474345791792995686498491385896298934612771867027845431447091393957166061912544030324700098497394751812824916326493517000211
-104.85755295451214898161930510373816098699106999510904376689314400597674096077374258497273729875731058337156578355492114288338123234518560004020230517963683
5.7646934175956551823200895299807786425474477809047213309712804800593318156332224800219129563548400171946233788582686274166581045092556395847937774938860886
134908.94273057683956278730459163132006935619229189671756817634859567757801092742855767599619689772775825901380743226541011119908479068587973368028869314733
186748.3834343528860972978879315069965872722193680267076149283097881396855743245807191302090168686960866881974473757177024206564852430904236641143057423192
365736.63418404519384436398191356409609020288626065514278589316297481441450005290978215148136763828601294799548737741306911250851511386443302281578685106342
326202.4379534010951124648843989042209159703376207661375043554132476176609746807483405087137661679644298910833938664389529837447265276075665144138568766964
222742.91529500006350168514410287281922911627835926241798529526395411475596317688629800360014953059019863373771406599428113828336151969852582594382752017623
81298.289251362165374357080840304389812241213292094600899651753135911501967974379112214148647321731585796131987071881704847989942804030837651028413767984785
30771.845055539285917292451828837424295083429106455819932537106918884053270492223134609857367429021678428041508339006212679775117091329186713333253882753818
12412.983149524470511665753170900205260890823169241514352110470052887880836223384918982303606943905559898126110407443394765103548249211910468762401166021761
1291.1242541588244877778351069163299147648877082354334372000969490549417001363410534371437862485924370715474387902959198486335087267308466220983724913095601
-413845.84994671300268744603097367156837779957176909536046574302261949379738238443558382869222262093131808547825262243081913061339600180610868146900185197179
-362468.74826670789701186337676768369431862013474815508956488662819143187509178482379746194220556103467484267223672461635193838826534374203033771526467184809
-511514.39121888419812998947989652473031321578234882225883756997717778314103048293396839385084514339131859547491900054414795719379767684318088724851037017713
-174676.74294073265946582423495062690892845976725995792346146202738455664493277438911336327873762818997326604946527012633551999696847287809459629366598480864
-38988.742276703287963907376403768960381546547937519780426218857553471728191569395632734026799411741542458243779910029134453177394960315644679221614152627754
7195.935819732828317070412338261514285594009211332311630594560464582766250596728038601243281426799014731870054748152378440949997888785225733646728640610865
12404.90813756201470571614443381633785084106300529742922625056534950646631691540288391513330584838414393116220384937686680590635466820878421460915552625303
690347.3964622098412436709181122649346811417995773539442263008934531903094143524753691043748318632577110586634638935399369733123908181674886159379736163856
347925.94798983812737256654912788500161486831669969508458238992186168698430335145208794990808054969257140493403316640829905471604464167086099422999327806899
227527.85378728177741522162804443969743689146733656738988406081198548988344561481083090722048191105418872281033317163591675932833090885089855193367862261549
-28945.930934223552461501936583295171748579913660488561847240806068574581247934362327638054344426153876048112326195381111826888591517839206537157738672713283
-73704.447745602930678085970915878008786929773649379087771350140225366848223083586197132440331669157145658265983804083423720828334190065003898104131780140516
-362603.23797812651817950478819464378753514401368400419043065668422391863894937256341827532277841309532724944481081162559413177424821236283579878440154302498
-178423.4801876446594442759340276183143420552796486184023982729026681677770253362916744784995825496121344687286995691246360681426632791214005474810985114233
74663.170220111751928362268996435098760820738291470897008202667282757257335746226626002249057778933563529309939796749007446964148879511743744176149132375582
-211955.80561661154527206304352790085855442411923716386894997402522985026311984730086159844454182162403991726188020873250898501539017372642722329270386742864
