12 1
-154.36373907473826705799100114088635616472548340607546544110915713757341124193971009230207718473269191859819125149363095263917569598772819304033827871662621
1350.2606107349205822453471740702638549651859263130118074612220042542851753713858116890110693675493487276762970829256172886296956865425256063191016798396055
1204.1150353521723205141364409774098543114409383551420948192607576844097697794704417049419354823235776087628790279894054994923896636885671633401363310932364
1152.7112676995354421561049141511887696832669439159955123221375637987958068764008084697817750112447078006968127577661800833752499409808704864133463593088638
-18.046097645318137697397622771449609519388710588827677414181796595374267962967707617403174101215302034771492437664228576293209677624249268537977455884014517
1.0977680110936718014804956507419135666576995158959865479356907492690420061256711925380981936808199808850337120353356755080869734749392341605949396118066557
6005.4156513167031502830923580870516043808162698077922962150790439748649515739929309980464339668810275779491228178491014141427710108196083608257384571082807
5541.0256418987228262397394858093461774236163622074894895314956220140950052055066062599807643177245472334180408514414247494479681257027610425991576212952662
4755.3016603750090331807607553521947258369508746751311546849212030640410866080552246515642393977171597433058829581660851031655601265497219508939404229629645
1043.2377070946059651212636575360665762404421545763128241714732739210657876301446844068920507986786431598490902314465522812088335477374467749706455198670215
-1001.1938618734830963235414005095208010671274157233763253862662898122549799711891113015663949742443796071174139297615215524912747036390936094844578264218102
-11.008633298704606166281788443788003892869837745891762211268778423555575000438250945731065570749877332477881623388313790314725485197174050924781501507633911
