21 1
246.24954847571040660865172798904925675231407859490722738267834641665860730316879219238122846721128569923191751168186341038995515440298885611196466902113383
267.53653722905542853214483314051572905949231462191422127389253046405934115135339029156480937328247073554653901012615046741479248951042806593341895778658862
-18.066257293074516530497286766776712168365378968568690316362239809728931916264515835329778316991835494769661357804405037318216265189773820563272136117178536
4.816419010241883219405220568264034420402902998094344385508298074751501814647311641959150106359785581989304670291389812236415949578337879378699474173543137
-1.3518452015826433696276378818299603945363306614264567403246089931313453193205271099483328520754359369612372094690236178478603363172779335914474371124179573
0.38365595942501887903414753928235536174416977826448428145774217979491975645316806660751675908160808873305507577808063772328571024945592433729534906101867415
-0.027269884482975056093690817620030706699685964277964229790726455914108297187355021225987804508489779425465105677601849519047489128273705560660382670661172186
-0.028122267956890565355279485109450152926706119410231554683264575789342570896906995766053063532287905107423651649683100407132760521761108156501897836825997742
0.0039011274397962565740762931635068278918252088978222427260845284698393589365104969221832288411901741288319832678815144919897450595575329855436385897073845484
2.2820510744524409000510148281975857800253921645197375709051791337788978517419366182754763934068436783383842401298918030180095803673351817189977229976485689
-2.083255493093427848946974773505555640219206442429505899604069291827714452417930486899051636791274148004601823360433092251173470515042844019628545332476748
1.0336312899464388927961202885191109216602318214205889272384570418222540667745759379290125286746346110338261717321695263223041404308113540368730213570040148
-0.43615705564967446267390518721378379430386823598187372645797174287310543538784253004646966753756937565592679705913297334874823631935332391239014890828992836
0.34726220865086958966359913304788537470790688389833397943312825429019138025001955842868915947700478123002064477923817424993577127799127894637237736843506715
-0.1491194955014812218011959891339709860517052945367532798196117302120507950313961164108121650034084472630503359203069411713204933985121598468110807037887568
1.8521449381090782788525643693955078717538217020264440880116425501146819703774727174126575949580858558515536893983843498820781882848027706322687269339282742
0.059104337936398977054871341999884427694825816860652561827428727941281426339005507771006280990637657424172143168524520549702795341963200217099095472243348689
-0.042127072604248489561173175235063091106911872152930702661599613394424449357812066441590466590548336589398091816739826738669318995045512872038316899451305239
-0.37417797208786717683100848525868173047459737611691659978615217173165145266471201699983019339025854377106682933222720744673773767344216662117922529157024956
-1.5388481782233104515011013211235598524742583572308764724760645838688621858270040537252551622566086502039638652390244193351214202611448122607604098686087629
0.77371264170521526395212164911757657366722636318494047439222645542520687409012725832201816525508190436248910961571919148943206543652890085312426506226752758
