49 1
189.27392823579990974147810954026495596052333735826359342766504088929859026160219805171468842465508217132726964876380357284085802854705130190113343475685359
158.31205322443258672255889385286952236639985764976704625596266576385736281162509943559893207101732805128368000915742030199482011066878989011980289193272015
106.30760735134590114556629055313706542780519576798567356150066055051636527990945590274605141695117548769162175955160511833736055843022650425764606493691292
97.364660305827241038614721083234207261360274938559992537072490084239605956276971088593825309041433778249247428377505827204384517865727335971305789833086418
57.838040306503750480560311734545614655299103837925139780640404840148354687482590822577852540117252126838671029866373781980253314002610358146135638047833436
26.270481714004574995147140951807509330778084106541993723222990000662944863110813826591318992454998604669045143951879540072878956132914912137151036616219889
-52.003322653508852101380134506949643809220589087268845138639528997623776888769324688186138839319957051833627064316270512439556665110340103553539755626332124
33.502872154388911050714673370779343514527710728143550779158291435341623088308594247387996957914848042109830565320519250790395750799170454890894588251504795
30.195491516659833849593799475190761077970733958857386627212083831681707437987687658400274474605290935430851128662694377600503527807733690457737250716988452
18.139573196671101505148822553232207734678170693630019295816680980221298852199516669692101341959948399594333845103453790868119155167061656469647117915409646
29.129775198852061533524432215847037659707763561807009965175967528090672039380432357734320065970633963192899210250390941469291316609481931491145429012285335
0.90729244086426649501984947998701663833104291778247701021885012719315333898019599044736435323285450255639346616532262678572553268556639971675249453474594482
14.132687590898005922137750254580937227052507191316738614522927853878315687093887560591704598610595660615456948445439378577656142928374121900698277827923174
55.552154955731737148259832001322625380826134922440889634368876237141880878809807042338276479993477445474143807116055595226704942605225579592667168316998102
-9.3136529386343717362431990685824404504539220496998241057096374664256413944289000251406202441315491989782809073087745540314014127000617639289811606663272689
33.416135253702912892802004501861256949426422387180312428405014198164447597879824602922220938058902435575179829537243266120413070107720777652332846340910546
-69.51551077277924180154719710131208447173081219284021204941809494895732694872846196272874391610020808194440624043603867658001597926258000591101331496976172
-157.23030849979882435403887635928167635938542557851630572604431549004960988100188278162329476377095016381419527392964720008790323240670949942952119609494655
-246.71874665608873014904187139918293279425943618210646502399984930355187520464801481120592159338473121250250407363633173899532069811551883989242892804213063
-121.6210069761795046281902792070949897079710854108785007349999400004816491885988081206987420779841243130340622498335080592148834028801593805309467105910152
-19.691031614691763355941736678015909745374562569151725564318609766969052768675796190565118683378537589190411207830728928537813089111042637133930007687226067
-28.947578707222552507945224230250911867273625215030440087018394708879173348295708597819626378410659723429950859680676602950249087525720609970416090102556617
-0.26852052723622207674227174415232085739474789649832555288200670303593168627550898716167279470219621361318594733741747726796599650799696619725299501005576696
-26.4905564807359122582264481445880170438456891067742479374167489869919160326409441274252596086265879728205580598243512320755717947676178075882228595348228
9.8456015064461887069336762418736642419985866677197074153089491884623534215091458148319642939751439526601566353540814201708502828673218777491681060231943701
59.729207553912403737220920677078322467901463683498952430667130160071274826235141435718536283093992524449200278157674913365298302576937523325420578214966754
150.11301393554377020009577738138697546507290479379787725102476026817680019526028741462499688500008150967644706255109984815894612364859682346650414396452266
393.06674517228288820014351918588278219675019562110561678643305963126791234191239142283367042197667141791325574249861271824313459094509023899287319198300122
520.26733908627304774030518426392776660749086761442578327400341131496746362356581335415858084285171142295364982002869583042707466580845845008817718619751716
240.42251087107049234642756067030522503367124036395529116203143576732243386507361980211102211556651116345995261707674921333636967585786688420824007047173733
58.969754658111726686781838979501848464971303721168671761025064596758657061673787938376386413292263747592618031308377292360760496147360555847434735869143328
-0.041127463406818591246409114129932047989491375303144825765441017059261070472691755002957985145275058646840267692769109099974435655520201988055072334331046349
1.5395819228862820607840070405841487156098349796076442682356505833163777094757923117418903022803375365599638037350463928964348452669538774487384176081853913
-159.94233013579262985565665194083599862685784454302371062049327646503583543105328736237344863372896767639981407410100776505557855731406141377487513674415435
-84.956761710923413452025544960506435821212065710312288744742691921140171686959256511806996639716798792804649757692132830766026373015366463568343974085850975
-676.09817605672980749624244647796749931047910834808900321724812889308066531488952437848247100023690317418897626986872967579205502660684581518300438931200013
-718.04295647287232990962485308560319873307466548757740619522548580342082946724553991419565966012804746548947960234983019336335361075261374952699961191082948
-389.35466686424100847400828733434319781323284129391978358642333644107099150088272329986814027287045511602920759360140171125090722647429993577445268194783352
-71.68005910503260932204583788852072356357363339545100462770599735485372174595678881010167234604805341248742046692532566054896148750798868780871981032944345
-43.715234258449384176689336830350428376025611160112885694454791421302859313663474850644784249131791843298288419274168110742063483923715550151880164463426611
435.37649472866327311808628365481033113600301010970885601642698594842985495670129122801559690836030799130465427075062811400486412426932213559267314168255978
467.94792439106965160152136917342658724476222855268238259498364303251645616727786559739048685412477166504846322328132915069066459791995166944682640218600275
1293.0762563192606363265838198412503435051720309203644242042971079547629680528352418156586516346184144189861480075620296936804514729713507351615710395576644
302.6955562773898765247534715839956314123371389449929093771050273048038853431834249373516107797427998034199564429667814595421551213592583102165180713262496
187.73678040525160963433512640497645587233312901406119661876199133271691157322080142023461328804453498561898665551299428615362629957377916464062920898281393
-1372.6655933383238761987419985370952791444153162590090537776978055662201274027057224872902200053366712788187507638135984444867107550224132189976478321968025
-443.78600654503898426895859965845995724179039983590723595296370850507941834958414309884259723600642165906587909944143431851240871271169679834971065767127743
-903.68235510250472617286017901904560757821177305026229922976163953193899348184434264752309995500899646193850125712999135002658078133358190243434191407879024
916.68212415550380502995140830927090224524663586288149040350884299095244723025460840553923548669960207573563646971769529396011615178871775364776847147203888
