11 1
250.75615108346475587904575568732859527611181284813299224204451599018372462348677923199715151317307469983304950965067491562951318262550669545696516707013578
196.45937380148236943437252069736939132020197555385579534885254753028842742947257612495536651947017439178350702426539244156744872058469247290203815059230585
-160.75427382251103720833047179531036331155655976744563142676088998480295519890842078571648700106777544056116876235066676724824258520945968766887135755343309
531.06274447651090459574832480118371191178742603435920204506084003038475759901670475081789801612579180490999384083275432850933968445012838776409947948714836
231.58783182750553622869572816822187303727953883233858854136253334056682933223603089472033656351196759493090101639168979404122593842168832300574705426070092
105.62920862791255469314499274061186519973264587928610432413291241229890142528358113303513387987446781788019629400378126672330689158189328200524351442121374
-93.353015543243001973990998569246443507067795078946827678413635780372460815548603311117561792269500318022406829607544403446242779849317408148449320482446778
2505.6536472037441493427278626559195216215578160868914011301850628305680595846831735546182229778898181354757457137751734447598241980545590829377872708712769
1610.0216481257319112803046414234212123099333059864530950755248448433662611091024344704725650447211358724161994374005504776517997093778562494035326084120825
742.70830079602320368997811860093322260476187420576592984951685127556167540183044654876810136551569722675038429864902674024682735458409550952549449290071639
-121.10107848311401259903703611079153129895958687607085686808109629821961788892543703271472954214395854009505055901575853210897871625038714955573947527487583
