66 1
1779.523373836187594935774252870369898923271152977144133030456273387127070815616071748368818393363178413866633443211062566486769165361830102971209581499776
246.24956756789200276640299092425228326342589769602899908833212139545973951742284097590055769013036678081550712249600051998506878937997343889486461669732719
-3124.4794063925628367003301097064338341083745276239333287415701681370475697074621394260541350748611054400878937777479018833278378812453529180990160266053986
37499.454765971674961000764785679036068974536918271849352349479623780387513144172166698271611465347622106948604914049684861779425974572090207729958432082203
94481.602845382046051792589440871295090266486391965565401198972185658824715555568198577666565372892345866979128803476347226170549100569797685023957291892958
347849.38560535631601979913445175955230498249584040314178709263831360598900085810157201189785027766132287317505957578374248381617222771204746700368178059238
606159.16870957796165374660189980106321966306786644036989266606917422076550910982761401007144524340636294829453089653847239580024032367712406755271719818239
800572.68348170560973804616493538686897870870276393687098938072719376314932423535660311202622273730760039017031878110968710395922892327172500072558356952125
794863.07716639241353581070616924729359337216718489296597339694527595582136743227331750886612271469316794405597686502518972532615183502494238313900575794813
673495.9104626613992542363267157345174643864594707445643852060692351429929579567433832009423662323520059066641666544075783401169097313211696524639388410391
404271.69315138809042952536169019409968552266099164448362721115415998607197303283669127743925837509520418400027833928137404021373062325561526253814790857534
165520.41115725659719966146788867331847933718490460345947507863934907293665901381753218737526477870749603880884808209408866653994261874069816810747608490334
42681.301188285583525321986601316774330331682698802503356119431356049506796091291181641057308006253892847689749776151026650617890601058953478193664264968711
10212.122424281310299658443334742319107560131166522563603172692302770106481712384441810390855471319100127193388307828417508044896525859507042332812257853002
2139.2686382511177379240688542220849362837257076211339576473647194171661601817711118747762530056119887287505580739516359158284698826064883245297008809989662
-23.312083376918800205348497681008299247662487859417239787379412937627292119711697978023970987112028686496755053554284934898334148655059406753599934494537224
-1.0306227853952737811480858644216902273100744786081058775048331887802141277510758234037428171665984592424328208792940148453203923164261861959405931181575558
295708.29849281877753889251443589080964695433501316581100898422701242833360408814003347632019961471784258951948693425847522249900170960295341319293115038497
483957.65599145483893339304866287383034577412912406886521354041197480113283326042882377226064578242207282829331574375365079247537677027195643276444803904665
1551064.9934528585148116752908911323413721003118968055758389466183574484860832868870192249014089638552685012840061173433686933987221680956294017600185497935
2312565.1539815549343964755913818789330569704456904354199876729204768249364220817241551355154647858727332997289536139759593947009909457205670013342671168895
3131893.292592248267680963170366726185717967412556026010330633489121968068814026896710593065941868962451526177074873741467352822291187823652880905986864992
3050521.2816454089291050838199770349740328093224453112085082375555942537951140823627221906865939033271362395219763735152662663817348729073413300850308956928
2614565.3240320566269844062517839804852519821578475554551259176379856249639497348468338124354314876915487185874969255700989543406501813663435365286120230966
1647703.1415459324691736710037368749286491077406552492635902204936081079511209963741409741816216529300853157295220142122212275513290425854729953833457314496
806770.39375820086986810013248620143002818689605018056305065222725551382151633688242491774600990696775661089102553506850213328818676678784427334032174604843
265677.44887619471851551049490114546867766103206175908239462592543429690783866007200071960266407595524838511417064842854606712224890662050230710163969240778
71084.765443450327613709148467122936651646905009726009770292866500187621539682108824329075918897911770175589483121629999598303095801734063392386867837779099
16266.817890363626314712360411407800516941629649430429088434266609760061822935793685482898858196192844191737380972844736186680252972861090911858464237126009
2066.8985914441333720758150124626916142957648872502273923789760571217447623002314397388928952251976238653966545777283309367419420653391227278171460222095477
-1753092.1492334125324310558617394573239486202016459872710120994158345576025710935214664572371796710824724820534975806355560419380718384698917378840075199849
-1772452.512390598681038244932105040305447760344524796958743685222593402885476182476505130805584106006064191575398970154051659292007135295534485105415996987
-5064860.847546465867245203557613341840653786511474915822439459644567176034794403306958814014332204110540568650358182514702888661139059108341016794647884872
-5148319.5009175453635937297844855085640653032201529893557820773314371151577108821664859129090861730410709877950407947304127802347370759943303501345018381885
-6223178.4669117061174652186566216944535667768192617006494208581593543555872485153730297124859244145631845452304102851358368999276535353761957841730412192665
-4634468.3435138097893459404344660080418576131138956722716928853750324854437395060358495425605436959257613897658589519692614709206125046861717474515433263158
-3292273.530206798759178351166029881322503197451894518425894581501954214917914221128524649379847012767207069447719832340348287839275872024966657664345378973
-1361075.2924322047140076298034103634912370795797958608025953513117500591802625238261622890572276580593678359132097693482756002039611743684346030637314100899
-483611.42876326079566497053595284165851140424258763496943466999515612841463245986461010614040577783929362404635245202540745212159726177024930193413778874351
-82801.811620544663937017833890172069704172101042283701609196182870989659331839270290706098807732553865440516377262420699502916416890817006366733945859110673
-13080.21114670458470787109591392260221582261567104183322831806648705626339791111674580511338485559541162606005685111177783183290250235946434436908056730313
5972275.1531841900444719518546921153186098054464439367665909232680764458734566785015243472841784906251410331944964231440038283862120191725566288230619830926
3359379.8714169085720033172787164629939266180613569442923681889974824807987695502747171262425347953044584073950156875205967880341923930125497611155641210992
9862738.1979909660206355125179467985821434174823338563317010347027429778031314272018970906055752358376393192593134375186943426965290277655230859736023081901
6600857.2153902323370845587149137984850992565119250567725376661663957032073364569140663304426845389903800955237729188510071832081997490602892727565586061375
7899703.7742169951713327508165775325828033531971970394068701755489436165629828277966458095638131531871886554622911858873990560755345919212885078644567464154
3729592.1034330220833644411590862506778484225878332197366370295234464228883575889445420556012589210011776706621073980547007167554035730009518442282666390948
2292513.6172283599536550485992546709661770362373918215165561882273467726296580318079759846931495166760639968567453211904121122232743256015313190848601778975
406406.43193254023179602910807498666751488388490875431288208176727105221352024715142935628590501297773338640175655325283340438020804202503881390416003992468
130458.80447569655881040655743692238968677251028702532133051973262266852959778287677656619211454380984483193974411965717819058522169653972833815458643722109
-12886501.782052965204668786204290872491586211498887670379171760685332329291821875509845838934389498620910184140801847683438743586072184760073912707400231454
-4015601.6289505868362831079423333441264146450547687476280120979519257412571433520211407378010006545547108031498156766537308539880816120065496555799512769391
-14019269.104416036642120508113509081199966080852032447099448972759072027686588658114292302315722631943464864872413828786238947271976701650522791960961166671
-5266420.163394403660450001871372540608873420797110748799175138396004801533564941838879989273581948894375974329543089560033200176415139849921028934963257951
-6852223.8948885978387839852452910545737414105805398807226319598866304512249748207395523136410379302675154054385995463379046389524521931255590127226182266473
-1341548.167132253903405715545557220778985493128982077563731504582287204063246046088084276895315748005745516568146314460766497530620336331442020467276713774
-899418.21314169760067167830131731202476537093694165007290364381683911486202478377080255571075183762268020061450628254237952397075787526168710571301811940033
19315036.170578102330877324086652161023383930653649016759903651633247159062336126516170700475560993375924892815406449981308375833597177779654388747820718613
3074004.283862346520259458079769750000313979133168790217654320246570641682698870974615216399919740962258689804538114051845080632108053145804745240412525983
13761614.282871917504215612060631591479144642399820663427027405077600322785629215477992145307992199068672012145104207384917800581685122141105348828828176445
1958188.5577596068965179590177754815676229258354809250874641386883419628140476320845033563061851551542934177822013994476028368429354580703408095311237104998
3088386.2584752053476829503763865485306891285053698993593338405237322554234480477479902302556429043906926089492846292325101159653723550754563290195161659939
-19235044.195503692047893994657770162198062112450819769591932008282990920658987633533331252664071941968589252278019186342202819922198382024485138965585860688
-1402557.5245067144263952915161463069759107312775500710013817340993015208931498000053168244244093477238575229390853971486238031882214444330073640738994332785
-6606857.0715659170543628529576613418992298769648388878522801078632853019083436578934226710086670210266537677113987156935997189065006096276523836957699434401
8626887.0820882228953149780247586567279020332573450619784140075180093586558833553884595430439459446635051447079843938600820816579645384927506766697848483076
