36 1
-364.40016345943279510492140091465136328510995621494900902101583342444966385253243655970210326842183160457631318740616422628958133814695558947140814424906282
6381.8685185020474820456367221216414064174853484320945438514250026461717737343020808346834492880878803637259113231820536590404119083496448683378499733129402
12348.118890041222557865178169036240380765700223572990825569620380496150567058587910339388183715192533943740200118466627458636353379082202245868472038195807
29102.88572147160534391955716447202848799386637622010345686499723461047413100604253232978212724474708152535795628315928834611246295935819233974052435208306
23515.601024595095443102043860194737992136668029859481997688754502984196109301974290212060305836684967792447512088140423987157987081455267205770360281503376
9518.2970539288997851782364610966589363480473691357755129436206155537834909010120587475143331457941450218717994612984494432219347482745117704928691870405438
1857.516123217602662472310576589113882574663594129441815182281900895240139555889283148691389918727144702531313554432292223997359666087878458099578324333625
1956.7083945303230330565143448226763310660511163516162041477680747081339553268094943608200830756818331327118560286991028747314431082480570238950179774751304
1176.7547184383717277574241453316961537708789514315591570326513744191286471909299340926990252538941606974330839837479715993734240548206750347385522006241219
-52.806804508594975203023731007618125928060763017001134248111909346259203327804142105632742498507907100693666770856215310739249904269018689727273301446810897
2.4679260953126893186194648835680604945414597945149611795373853876680532228820888178023260530472085767362024730727511048500275309428219396452343310169689241
42121.700709505881319803885395710783472870322350378817734862875630524506254957929146875213092790665728249156968640392370880922563914912901763468896337465046
52864.861630598171923588140148884107639402806900214717236937048399548239450254479611389442102012197844297513875516266503725549726654070007288747114013641418
110644.45480337006295058799815818359584443150997597974068292092883952183383822851585775663132229313115783067448714080007710060401113784240255652821572753394
86538.77200134091082382217306874443259600948664194383825026586025704930080835960328933157975690771125704334147787507290103008890552179668700758341648358746
52781.213225397023556548121291423707704581810347131379819531477629736217905159052599548303338859948540123022326104635787570340476739855555034958466113929987
20719.051514031975687094082918570347759338662899397980868639908319962856427932706941127210186347791723045649479092558103332751402146402395944242968285778179
7119.3578895886952024548311996786202100325118200585139269202585730000341072906002489979391381771279729536185865305326137483248631098456052426567630242471693
6277.8137513009628041351679709161123829502842146921835970629395281872735694801635995719325986593843399625523365008164905998440228692161852941722042252834989
811.32242945673955404759547917728131695708118098728813120688311820321686158514903751244062689127406625613325170086505377917355594084843365831158857391559586
-145500.20083963421835888403929642647716803759662074599968488589192201444188969466269929173537214727837078743664604409295001913252270036157603429121876738061
-100707.41865550585535676512209572315392837959384966868389339211426723993400605426716087090647096462588395118845636468234078713957751643908024805500624420429
-146844.6935797890396139507726034616016868279495024233045426675516361135396831788157567208283645603168958351124137397869788191418272878781394772134080607623
-39275.398235846846791961662297066285584123617662218732921667017897875819887811031479216772015571948936314853570523410473043254223726790180662457261276328948
14005.419001252632955431920260699154449335115471210038599232098248106453538189143879906550864651424056101273490800435203701746999522358590841886379487886192
-5843.8389821976646059111364917776531491365546799539037188721709504594767888881787908483296577994725764143317842067313585643811901918314765366197085891425289
3305.5687520083647407237387964189556884240088172585385321305698129212253227524596426531902649273646596617897415560836920367977080199446012608445687674868313
225441.17603358263742074215504447864078044343806713459199594938413961936330459125393311998700549135024494628295981162148159370067728892239690748433435669949
78636.52570833165096361196217761803912606844874080761999204377644328015706001873462952571941369558327028872090872810948581415593081458049956593533830149618
5905.2820546118231164409978348157109645764021315352369166889932924286176257506596717227314749874888731097607794903996957447115748966589249002880828934201087
-11046.176777058771983963803672748586224620695969082270649963950405541693626392914833493328517948779165043465268101851362632971581001372205171813700627534045
-39610.376332515658985424103629572785260451165808973591001537276688587332542595210028108395549646960897509120624821493308026311153796949277314902418266314852
-50484.780632720712440673297263330089306590362019312200911266764179472223391127515766951944036237384512878375621347246982822302558921659654328914686275774374
-27783.351522734205407231188819383956098570533595044566470427297991164527200568738207577575178637206360449462578677763407240949620946567357052562494207623622
71779.891492260647020073340655416415405298123272336314992577275157465029145889985357004860078893127982152015247511825513113751346465837807910273117100500591
-102486.17219657918540936337660230981704474624659610507849763642571359224484939869934518057261168323788522678626865503995644663960763963227657337407282821107
