122 1
-7.799330456876661655133926557348352457526378913688583797799021595276453272245046442363956376690601673891339376786399745391859552528478131945245681040180113e-05
-609.21315121859441237063299781643786747709340131453064652904858325365768941906007943889243924345474287894156285888088952199113864102516178346355241390415968
25769.746626708414231687920042006456245084542986605164188683951630225274499685261491651150294114043801335852827184192211545892155993541072742251057277415829
75450.762828355664458242659140578062021697333633779970034009764937690098873065174337540757939834451285018850367955425014910602064136212518384209448745792516
392165.31145284720023449348339255941448667841450821010556076674929329424590060304743318686073069661029813231849504943997513586765931130322419247424304870678
598539.6571407273818901982591009984720291020562958737246070744548276139606249088738572227276719822442632559730767469996164170443207625967578594070207165007
296968.29223426535951993930945096540446028555990535621143962123734317439224130974433779216069623386656766533758060255355006734602137370897744002682647610001
-393384.46528567657607710584578556397205447903043732529619794749616719281397145237404195959100719373817413767962200485779736941063726838444321646407247020916
421647.72944328235469084703816243652036402970969209859799251421829024136112682162438569035843156171703675808906713143240690646026835899195348945255718587533
3716516.9086552206403854863812134749045573545816743487026273952715189710890442716166762855042527612860676767532331193275199870109915820172875856844923233199
8020336.4173252048833617660430727086644061210000989667032842662519791641483594048051494751236202173951643167764680103348443795097334707206850718317068998821
9199539.3340802414086583528573779247103130671990175963822148712183346905574745645817098969164158969392918392329476997260941410575000763983605813443074617623
5904122.6337695134676125327990119117967638690254129304310726639803938089216401464106710794252973848191041038042621518242273972821541324541037368876787710035
1823471.1896243824864517844183086230427573772434436525029518512581201504702327439531998882906226820925330559486000107039011319722502050390046382858650737
60049.146530791485678063000732661179283705500060448397712371698479864373562478931149678925198398400093810815165740610212204163567688620282142425913394742432
-77340.051158322359264338485810366473450609291538673497211198666270433835046391415406634218914391237417414232933541649839174600420892815709415848894741023785
19072.941672312887534716402979677941169858916067558307158595876256776609247500607548869417588271011580018702850273012519344342064127988740665839518823418697
17296.588927146772275656334247273077921042602939343227205293756334784002255544362775670740576898757919944539233630738527821096484138818729381027059841560258
2530.77803236177685379095131867361019530305655996291594153600001409015099348591299720925199355853444899616974412547427432911212725580260063388397053954337
1180.0898403881570544685242961371611491815574031893150070053496913399402366776473920132565458169390923757291389876294909806958866534974199255461267581927124
-43.235705515635501146677711231827040232310304990561427395751630290967245689685908222404875029879506924625467118654485877196732714453943448672556494810329581
2.0926834717642145934834873146854343433885304215417199804753522432656990878626443922065710203665270751005259274844906317597037792895385331755551891676119255
236649.12617455482815928103309664393555761396842110462634987499293428211965695633124427662405718804449341735092900278439057702068953823561819044162968228246
409377.22457000699058199816888876699084517354191769295291719943948858064778062286120448108414030134252594878757285995376096522712422322529503850112253315803
1676741.7248690008448940840814941529100054867148365771399933612762103304267746181285055715773932537688301718073920833446874793041393498038987864261593375563
1695133.4720288688048058652809133122557751560653821945126999102614103791285499533811989183282492112237617425390461258821899735445411804424634822968082671833
1033657.6655209713495244920731542110012660874140591262081832098514246230493950361873500733136959449302874235698760624439904326156506886861030510854131930161
-238991.58603069888198130888019797877764212585164092201992236377901243488074567998014988506706497911334806800093961031709868814363000342609854644054430616156
4357611.2819662886099117331698636616422799081699358207843810111323240039614859291599353122046853875395270447212816313406465349673511641663416239419936742011
15756466.216615699027236775012173218765589863859775336870206185830121400229056387697917395116854468979819698767973897006401439205773449967584675005630334674
29052151.329156003192496083520018205277777923778955812753209967683142472648150339923433109965565606940916613348127314344009298048014018638895691677631980833
32257812.164024458858390640243625603222685090255560715931692256644947143985916079741597478826867590102531732344063525928500279269258937419481740623462228729
22863183.224593563490868417196043222415522983556899596839235292573266057269650159626196416935509552282056068006814292992443701059029685653233571578683509872
9604295.0889717602689559771613917644218440257985012693862003393094679225344105927213531331888082703524789011880995692182721956263662403721377976550527765504
1870555.6903827674288114983825994542120841651903519974259175982219961659851343619183956570554068031986092042197476657643417654686842781825952616198842494442
-57020.772172208048151905479156856859536542108683403344147286960465281077443159544895572207016131445738420252366221680725338537334709554901599645174343002334
-29580.857468539180036390500422636471420183182470911680791538771837672831720619596223218645457496989202948377597678697759287793769937702419032662113190153196
65462.497252274323674404878247361694682664495798379676643860160096264154862287509529153434042917888068470833148307820627394603105254015237388382827388095698
21075.49829320067320256744922579228728719806511614752196326358256735773680355399679180163227679616406358822034408142622594744073672845337618267075588799254
6704.7125621530377608768594157664607767832204127918321523715264933744088851300552806021298329718973950854533019504528642583135766952012002319835420167186894
869.99901536516613113913968319871350337477863296389030983524576445617026637800786539146278447028050207565185626260832745372233684037107812139344208719342893
-2136165.8815363610609960305297431477933900068561572530424725683187356347338049933549665285466490175984446901133455779945246900276337890337708393662579899539
-1488452.6061184903886552474746894899197342793942988056971658477218049884709576113520379920437143497822727690511019571361383000737403282580144568964321346255
-5073146.7345967305750070347904884537147187586383107122538869402272084049127527806106572459331800337456860706548858831691425701288840661127708634069111919455
-9824.1149563070663034012247064551376022207637392585348663243815916171572188554826691862425605857450211936047873156889090610399322169871631525840116203818592
-1048055.2114798742387959751458116110087301969440519423629041413217278383970429357044355053318557115212348028862683519303405209260797259022631310667071068113
-7044052.0793360145088018260069081424538486023315591276816508210580858450244299444330395006730870168970920314323227706541820897386562112451681331222927507112
-32640019.135424099885121979731000001805610531581790428480479251083662441911736807354704098394609530456013700949364234601461473761797619938267267048146790283
-57259131.927700482842782763292529524168856318892459512896735962749313141153364808677814657404022111143487578040394682541311953790115199309642330583377766578
-65194463.194457025072805689254681636211453325437311806208298358219905075166264832498851853510233950468368705498205190356407093748680920351851958443643875524
-45441737.150922077353860954219364752129871108444732323049539775635707424122821573514602834709909885175230966688393434082588201048362873601412000187617940722
-19348199.997398232391411707300307447387066382182463862717181165347174542015247096786844538820131540168859816532477112926764226901133791067567512013304425489
-3662088.3398528979316473618402841927243803447327531571339569186618081395683008510641395630873797504779226501899081456277641004996124446501775606133023727405
211339.06393895017941500658591175749324235099182457481336488163365703527543715906730313348083814015192417992635150309185671631240534727794635775830668875411
52154.787718836277561777435140149214402804673147739072198570764922922757895602389375039471805279844026320039664713123676587953948202317920922244835424923214
-87109.857715219189347717610584467120188506312173598931493092699969723479967722037261502759308193155108859426141151790144013341168247525131294153504836269237
-41247.259457619912333829238052887576816938407905471069525586871738800793610589291112093995481715588112942644019535827292071714977043859502712934650739690245
-5498.7311312397470122097514455749262249868299406584760531842534762179833745008183332960594525967487896249921719422813158467602283888342345229610057541013769
7935787.1800500692210942081897772337773966130303485974141605811501830257779338663311410892977205495018587943993859121069961741279477999182149318293966546095
475340.36121296026628399822961003350499705094348866181066183583206529326849168430579882421003133478799810267107996225210242940700585047876589042707555689477
6540703.8856855601289791915240217555475463152914309099850681873265719809441891498738849587622925619093294454873698599307577479924315816483239588532416191259
-5407135.990997259094834071480724943249804968587651894144123065903793944225801077146743557784313014012316188093783789701086053766634812068031222712204613579
15923714.058839382367904898669282993790058988420927121338656459879089366364752247731250092474807916765437501360428238413955903055648359328906868920449947835
43774951.114298148308149795357167386540315077085965407602324300271398782574202622511167519093213942842455100410140503597140780168168200592458471768154458113
89260501.554018298005441108353447902591265439271734836127001267447902763102529336429448121202997709167969571505746098957192435144262593446765350626856524707
94920851.055479538706404095199283984193936636948208545546235100484856406878950409214264981688356804164456337120629337076853856639428842381188642932510444564
69617359.97747702179085849847814494061127092949781285639214772608319097505338118875863903011251642078788432695352600686051768307266927829432992321793398167
27858115.891760817538952654587702439677409536171100288794093970009875573080401776029113750413666323619094334810997083234292915082857639640786669357676396745
5815338.959677708676440341260540710448373091666580800187626289511222954486839499311749693087734944883360376556572141149414385091383440250410891739348847198
-637293.36728669985196122925611362491222281531712618930153133794843686355584924825709042462209925956501083058166238354610806467796516987556846296144226235966
-47501.668317549138648879026295430461894379307326319171282323173584625627736031580680068677799809021367168790256658112095548759019964600530465598146451194929
72980.484291637540979289077571553692104380821503113676584117611259522624589137212591700005525228238089975996595681511908062709972868437182168923647036564751
61060.356056905142331405048918826641103716963845423351357666323883697124558529138581235657451875582259911506643044682952906822038501915826278865925240917994
-12976617.715624722480491457384185548953046806126087667695275592197985729894620068107007209080651771685420693995192959973687998879560769649879846153555096281
5768489.2674973917091935672162158768034975393889144076265949913251799701716373195956236543334193097895493833750241432337958657405207424423207325849498155899
-5851776.3057583417888943528021356601382721709660014338391012193265711297737444859806441833626439534774199633804774184976926314198582169345776701796040282372
-7630851.5681837542162465408253713035732986802677318579673534050620245497160984189422474431503890788593939998117408885480326439247924710776155593136838577325
-67708646.953263868425212174761387546219662617680730004227819713644979420638868177767661680664965944520457772205424345189379581898585923610420323952225851503
-108266567.86286502093913981071202614750091550847460854783087863589603240004843876664018394049629177608299034025362751072634848343335343874584469752113333569
-131310553.50265466907190488341127048506184827653083002883076480899845056131705358237866335265930815377348531081096739791886692903043582820592790017661491803
-86297430.680858267931049357192971204561845445537070580947667792254940757641174449790287795268029920431730096273450184791348945671485150229584269815171063533
-39447503.999701198544842560617657546350530661078087669629532686561959564373180740647905136831212444106167239421824620209761982362827434017930760175201988134
-5229579.0389797817444627686810201863806696887222186677826303761826769258432767985753036326485612144865587070207477096708095994105438243992934241610444735257
-144696.65360700676090598495356294265394154843198743217101594011917753594239500881004205994581384450137270391966819594385303494964255290459474485946584315598
649666.63283496300884157487035830801879785741137678629205021816382198591740701575358278290330259615306482998002800463886539552659140108669419800693601262036
-263450.81440364083104957050187892041939269572938161225386279838472403272156044984153998222442096847381933846928464230478685897809057226961587411040927659007
3763508.5235293397600334630783956692829471454372482576153640394256202048190713393116500492551893613397408376938084246141647852604876508152053452797873071614
-6389119.0795308920641439338365711703614632592119292156028689212809177610419964060281921330451205533909951161965116350938216338934149302556963716293082971035
20212237.353734554236255699842932873503361760013147977353128487412299425240401218672175027585661485148050477668603245854810544049200069650324989422419954113
68233819.673343397955324130835797839633403809441815068870133148838750164882772929444395828556593854582525378483673911902305638700555422225686307459891275761
139893376.41430789573631602419251770309285221309730341653243604299522970242114913909801591329237975787517842179087701742851675794089045484477484705296176137
148133561.72731632825153102680417803559373311673562282536402541721728124617928307184167232714192960937320879009974532933278927066212257140339296561767200244
109823067.62514031356258318208438135793650245994109517863739623691867418432936159185732481926691068667068756660584236553039962234620802324418003898074649384
40770141.382150692879268376772571968526946023525114779453504250087748351779861233239526349078151388572711784935938215149835219998506687944885807634053319506
8835069.9493182272262663483982725790665124607867502249112435414926521451477353908174570348743750180384133556681921540505597074018275973799784107008524320108
-1838524.7365523041913132940954082709870558508399520737007979728471109855854420557968362648584946179057439014456875916028534360670750565690032228644492996503
26795.010214321865846183953950661826928658603439043863830877411947336047931104365335257348536864922859455905807477034198004668073953322376135909941193541776
11425366.573751290356239693209474433919665152805359827847445564574154051342871960107483365507083580701291338821199257376633496042460656931508316792598002455
-20893530.262770512536158584467696539532685973422871661044769696092245851889737030238047503392165504354453241735883547913442934126618822666083832449411172867
-73031989.564058358477115421563412096644009220036698269127189649920480017686006999079202206035650377521337402034773642654682923689360627949617805770054782374
-150798475.92170446642907701824130814191469718149797166969234751823255740408213138289452532666751392640375023373841927482500896237771885087543546766965190582
-163735151.23671268635397551030043685455430546919791800388236547931797762734882692092600261968319347880301376041665414247023132338896318641606289401130429102
-116523652.65829551306330373747316461705766834009534457283895891608770659636855673378369351423527925532528775212410411898715154462800883663617422114210239217
-43170043.212977165405261666316650891094795444264963401515375946632855332508739845807964722784314884855896519407982886020373147042593282826338425684985353749
-7115165.7901549166976586594484118284983431100873901521111260518485986422784032185597443755567853619297505450145735043860907398048864731356019463436701503743
1587047.3410347585622218783202629823671226125085482670160502210869516623163848124242098115791080973369329481484208374627439036103934228327386751364319305581
17000404.814579305903660992610838055220153031031539605531608420038865928459127696110435966117883176177440163292682278009986745946703408954193923724260086986
70631027.449215990834667081305715851315376537481895578223664009119998587315204671206896180020055945805802013063969313912129744080083059691013928861128207879
140938005.13719008004853338613167760287555216400640221785727559567998265252961697446590154846554738391286904564799657871047878270671335122944961120411902851
166907350.79935320225838265538063368701032034514402095754812580275147634312508044968425047726490352350475348337063166034495740251167126082111438133065596744
102223297.36209417664476057820374594945730671128525257016011699182294603986188779203669514605141742039700648406874792370411774104145451378522476626198335176
42439651.294832419753080058037862106679850024769582345559996140799965725106553141055257449440651500688946917777177058693858251930827764733441527641189290099
788081.55302197870838504974582728788307873350272649465373465035916449583163777533723512770229344238403574182857679279548087527417996878985263166025141495476
-104932170.29366051318934968512134337408082103665028075485364234664624342430865320388181921581492377659676289463550930950943525508057618459834407982125002698
-91237012.316507015546193589380607323353160125359290784567747549824578254539980851423814633934951156096416027862317638991334910054403598967546133540975998789
-145888856.32565025285887239152383785399430150221822204423483525434124546736618659575724959805387913876204628218875653512495659680601075645511810586646402191
-78696931.939719168889091744265095482287895426304109801429337387722450381650047386526856389222161450603353945202925855960708079652369950542353868362074665476
-21930150.308712686572948384190827339494660823444120563261327133352573797556651636004404336787476916665496737019277904398240979698010777623612831192063470143
157296942.89117269620890904211876199019167306874994551944006683739855388015590159343166437402115006811717550310092448939390839084671993171068377545307872296
47290085.348208421808083192045622983715571812797269710616300312323250771149788261713316609811421748510289808773219285669309199324187052309744273227880356157
55790498.391228055045989636640051245103991461650454843090665443899719042349280078195879261404369355786888356609958345790010193150654430365208924082987428623
-71226861.051654781160345871930471119783243465667327712876258377888108063102465668868787410347762101172751363403468932141916774039656880553507343449676021566
