81 1
203.16469824088964110688061415444112932781929060349958860136387388470664049112890933821746580357745837226429110201413152913885130715411856263871544535682526
166.93606117193671372121636640003880744356350430398054150422044118210194237584741157474119853164995530590136233755597261929037668998772638618284947985826865
126.34092780061762444657285106251279436744695520823686938826082086903846470137373421997951695532384097732414628762103044405678130543077370786973798980049482
109.39742354379585151924938394627489749118360036631882085530802978398410607789608335267964733941235556171637164719860403769407138331746925707246078371343204
79.071039972463808903601132123513882378307930248745000920808421037552085538086916812544875322688370649921087545665426795196563880797189405902690211614182935
20.82611038192353247375316287435665096110078356158057065773757565135751891682139595381540397792327409611139928896688354243926640305202343789466411536309906
-343.96849641007402691396634664786368681770572451399938709517695123868700300242042562755292815190384194290169549131813400287157122475825225961646512043422542
-754.74357712786720079874560592953845365359497033555564170043614153165035090123171923742552391909914162969090096306313502621033984045994574486697180286290343
-834.96332387086735427989233152005501890750475749461646212694285294346554115382763355802981821779615180538868899451864743949078520591154549049477712411644459
-258.30748614725950114043052689315049250235995692825003318925748189597769025479744134355875457870966396161963493881786939318085304402449793938878779424930363
-72.050357261131262410116990798170003581171335746024590451385893386258169723850638537721163019626734775810509032191973758010724505017390552342425370121360638
-2.499493848225521257918374587570518318180862268670082287777862491891785489314625660640620947103133429932900300389117219759889667351452429567921149381802836
33.472377074509837468559198183118230237825344260195434773039899877907093727670201438862267879610575462568358276560278951258227585575826022847281326335851476
7.3575231939285036261453774734215565062456901115752832257229507172977821720628975809442180799411769143474284627305767830928267181110029470605078989373312137
23.551410087494795098179915122485825061179310229631507488885365004484514634450236491925678897399757107140906249841368429523961908881437889434938064284891851
1.1279981098263909561730410978730879040824439019793250956930604556928953878672456637450848523585750632966485018717683022830670551886396609276644991825357116
9.7273412039750879906054659313760094418696543566601321508033771103636549220303304932897227610130419084771509148420998944782651455439649252358228689556204707
43.277274325518533317017030353360345881088641405496307729523650590819617078410196813030604775277405515634737513376351219978566292800550532412027093186258096
-19.439851098792659668145742151588000403703979341239749170957898448228937861992000069283435406100818152455312308286260815409330339780196197697228359455777982
30.27416486014207794617744594354389674103442074117862089311774344547875887950521469866398800441120376266439266176987767030516527067848857500365717033972322
-96.766159267109305061429010619000717710381442324506525570451586753031793073443541857049098942480760155974409310083112174913066378891756399207766666340860755
-487.99833169409348008002273699135446792186641426313723253119374163731826378924430691030895042925585648186207099693718711579204689166112471954074167769142332
-1696.8332868410149518408922013402227222857581549549454570428409619299240950090725540011532840398930582631696395721762544698452711567201711277375948431001775
-2888.0145233864999915097413417039976143860750485196220112197462714342540170122044692346702621924005467160276009998537920941790428380476476735328244485818579
-2878.4918694499818033182856579194482825196671393589155541222712183422959309412500908634354593979699215837883805378512047526440926498661991533417667406965468
-1592.5342833246678400779140395056248941814323038990243911744901717048517169294913647493082934365280874556734243290045719777362864892731374885275754998117927
-542.81229046747054942800424131647844640069310742940762596579949755394872906340991115192330430034349243274540807945601850743323970006485237728047967325912931
-180.19502111972548899614164255591410458008928508909225024634639427678022123263723284013809896399055658313262986890868116404491989607419135005714971236652684
-21.12039999099693462329482070157601122267079940062020989608190213117950831768971631059399381987816008318315066547062269357188049027506250427396844864130328
-24.737324170050439146105350190714681677009873518509931892300398159170228696228572362815178847082493915158900528437662050563002565986522027041616650194999634
0.43727819506919740376221659645841986295830110096864119756270019087715715960526234599515324853966415351416364735941536750335730468218021477934812227452006862
-14.672002272854455933457739823910648911989421617451103417906406052564783326108790042285548367368127603868713476711637580141195951724538502754381148778405149
11.613859534658473132296297555195912329269609242924431431696057920901878268416758075494785021903872922611391305522217646532390148404451263484120443356124975
42.383140452831031527465808144946172253911807641409056251597344197309714683107059860981206250913669344638542825115377295990836645349203179450587551197452862
173.83899662475616158058146396268377764732118024439710144382671501722791815616086213400850040484924967093828324439404461287054632151018467180741850043104402
1068.6340910286238683778243344782550921492043966939203199808616849017440885475636482158650354818307100843126148276838487442351208341354988091282152885757524
3408.8769804298592362785024942585605923895380818337592988153557979860067160936210058038381308286453582594799743877771026178935287669267088841815040658934945
5855.8052788463032020127699129914068642219582994667208816148872168839595273202656117891117107082247312860128881872532602647105486546527452874371506344658908
5796.5507295899679886743487156144403665574749318748879943469887618573287392431934799675524637816597983122965436097913812377422161555911783490492193857210009
3193.306635910044093576600459413092966042673115532211648609789666239248901052961422928787612937226724923692841017517846057631153368615061043194060149121776
1110.5548261906709567307405327676324377712194722126059510306828308714093719175107046925271091716577619538206487158290489084967032947157581037246878821558155
327.27638060721916922900603038219758560742876642203244297886271453099644131668922570605449807127544980510000146247626015532613772212816868705695425747064391
60.888429244099881930836254834483116083764356330432253484319693753657833413828035060361931325687410997455601374305887918005473799609515222168314722131028045
-1.0458846896716980927950838901823869479739696777126841455221776310041609789471454299979724031890401435961070112810338850847499844895321369993232283934553628
3.7191602593399055643542687599886595849427390323037168586201446024644702509557049147029547064992228619869501254014176071902558885803970430590228593329700275
-161.99683561678616800156252120878785059819800211919109303102829733419240759087593964166360529746899157973974005432651836874897915919912825658539912217541981
-134.03135364195780246976338540162074304004422095576411823655714694240458190301049413395838660065658660481010504719011690321036175883985839459715129924920792
-1709.1806482134564305801504272759883874146436406819593176860350483900086116255607662613244803227203497988499832428246333305441340332155210906893187181552159
-5010.8385398032371687859513724286457170089305673709125135791204901092125614342000860202083218659168226722994282545820512026247440693467053244323318783198213
-8885.4502023504743795034256518605930834705878781129938726843959093830359410734527060799334758074649747637957857504775707685672067600416463334752653203028442
-8619.3476737528547572333019596504287493264740246939670775499065427827285216517905217474028741481490904888841282315829653467721012361913056099540907500703035
-4827.9506006898962102038042024237842015788493522107275682907113970000112903387077319037572162238729399671002523377848346909185586189159587520529497007885604
-1638.8166934801430793917450721602980748914301101079089674255631881831306599993536754113874406768123686261240010745933939948955194544554893142322794160123754
-491.48347686058662250107987237153562012692017684308847368415680268177075967761725393941482234525808262468215827445595254079639829552735411639394082572831068
-87.78828078043407236943497552438094444008717187871699976795613623082451964125983696355945568282614892926604857951782387999103136116099262978520344675933968
-15.420361521458066851005126880376201150775493729765495190821876875821188566307915381238444264535903738033476672925076384770204280723598870583265574533027953
538.57946417782231892701053385057593584104103383639116127175822337747983002071782666510369864347980470854481997385208761833192803651104771079915136922774048
1739.8422896031728325092200952809080346880822433484727962036999587460367408281565405484038170627117730452286465234736484369856229991211103500662441146803654
6975.8754952110682882246149750064122565846893405526207789108027248640765809690565453089362278341573571292427209512270992752512353801379906605996309460964792
11233.616977645333431558433888625402249536424542680388807104983153950784805491317182625902274604729504363584027396638259174713392817376525225671817279147695
11655.453594046815046637393503905071106382157343244429279648279684947557361714370834957660593528092106142188850214776922747945322132560054326794531121607968
6012.7894708084652849620105732132695444823460729461025016557093418419844430120585966251102360916997201395196439939412148919815321783121242549673126375836068
2383.8903787827435999694550944705618333789081726454509328559730466625228755064320676711517968931408529292513558658197732628214459013080516654546886111093057
541.42886346246290244163483570437928464295856631673781531090062376770394889301310044198649597398844752936883174411454018886935283948420215370464744093803697
139.71323258271160510056969617220375564771760183735504555885454618314430370219585170428622731766592716640089568878748574238134486771085974030460290267873579
-4462.3589286670751244753968933396511991110933890829537792247717777409757055847616601299785792531023963592439414224220479987498109610421690820658694381035617
-5416.2259453333455914939044118676009778639245724061288810826124975861743145519782485226948673223950337701599393639841462955047073563335259871310248021029802
-15342.835155416125358619550722384531814235732265590441099225508948965172444385003101617193929121905186559262969983901309502880526980024202044593216591132469
-12265.278574922093218432097924719475229993902685475243660584186609365996575181057100020345816206494687009879853059915120575942113700980294254218340971625964
-8281.770667018411898768055822876767402819119363973183845751594490593579789945861139308189088331043183192074661195891590030563533755360390746559149144455123
-2036.6969597812138846865639600742992948339822337287290134200262185496486356810191956358712065812400530132641284297659425331611583707035075111935926840480299
-1032.4287468583757441828859408548022041516980341568141240832650760766621288706866343007097937996834021457504175169996658431866613112627920940685143292085744
14307.724140509440356802839766999983492471875219534439807276142716687018905856810193865913370671514357141968030481217198985128676427024000641044548216982874
7692.5246711678827250407184321914899213133791659728805132837120694483197114954914775024703481345434297327553317865097663756887923986003040108062750939667498
19131.07259144805010148467348109900215878429567412617983702440384737545435278529917286033464814288852169038779847649935057556239953853428409049077418705314
5385.0847768460055075275822503090148414328733613339656527783157657259022225692108633049573241288264219383812402832859504689589120862894115430937139718018886
3766.4233413030143988399615258153899624203918101541597237971476713998424929479991574461680504795020647004276362174043051251961829985936533687111113442397432
-23554.226846919341790523761740768424869407352240051092753735555667801765611436794759086164325158038731175663001386394480124654989355480090867036096916298867
-4720.1784394007779122853280833460422100494776692164320142934796812271815257924586733738458403250636314038578650082492797131302132059712893783521960299619263
-12344.208467007178112728808384920999699605161094016038542866004023033240006013114817645999077681163649465374565337520892381026642737680945597812043410293141
16248.106673678517658092774400407450050169614249432222721073079346627318931730479419306268781438227526042967459803871930969953670969096411451741121665091446
