83 1
1993.9904937213411289235553491391201111638510090618646025857111578633652974832140550732394513301940968237474237291261673815043977056666638129447474147154413
246.24978935095107062468910251257285939485013419165396257876399429906361633469917515408582333791580263641508245242680955835730052935685761934813750768706622
-3686.1781316063752931637795223400073983037166024165391335698971135142690859335359096520678227533272687890594780985465019899111021296571545381462602395184649
57848.312462818144356390545128858092289705312131412165207647424502253221866757207608747206868863259890204518265163028779837906787807259977934660693743134073
164431.64089269301368181129683917995891561033080806448517207117350683468258572082687824595243446188008785496965892471107584048892941786809751694838959043255
761334.43710504343062434112726102050436845006750815773173845921838355946737829562134476572658677155792878675109122594563312535990490012267456315049059081307
1266494.5283946582673978226773829965271846874458009853883790646225895007256056873167808844239560618367158258781100731174670768857308632193369164474062552333
713025.66760094908846151362945224287644345279896071756963981832871990379753364521345446379347106121858242696965783814832519591967374677750463864967872930539
-1416420.9683339614541487406572128113666148729822548509685016317835931587462642288610578479234908119678479120662968366612305220551459282137926750097506766661
-2543380.1114689417694380181087694301238230035061468389453835232886743811254617204397090457735948589516521738811292426164000382344928583702702665633678786337
-1528985.0714548480681339205433970593707554253745728642594323532786554708378117344500693396314666661659241901686233423062944145062566714024080210924381750188
32757.282952604473716028664437996945387571762615442260663943554598420227791420712488130694483984898093876964101144085241125567805678461985565118723017616393
404215.67856408926757871348662265627434115629984613840529460309965649255489470092066873456254510269776376087516524344307971507905423085140690990699034143063
181758.66530419387736887093474808321332079129095163733658768906304849189759715858105362176817217908616631743573135566068066869723332529872206358815765315068
27458.459971697345677424585682294864475412392018367156101357945256533038027698166638514902497594516030787568040645414547162315512554835594404735689979344542
9743.308598545988560344691372307082103161313513669269874925123053631146075297184045301813031882156403019093718734806673037251304135810929701606194338773027
2784.3301573502891520934974588600967317782962571167004111903638845737607695128894805005353573353648789230009342718147286029413695322237014702763217502475324
-12.921952160004727240049688940031487923611415509418640356821519499142703331483988764969323166211021751320864155668716636403359382585831135363648968960946697
-2.8845969130223068444603218026735638632961996388523124170430204151241333029798727593501679530437646427568180457274578397541411191019092536216341317910757894
505943.67814472834461852247275118596761571960561435582288130366333958168623840163054102662471358716172187639972275908725800965114076252726993879167333741258
899306.05306747037030960032748989034501235145480668711728350080742918590388148825357099210407435582557170159129022926981205984125707290896996583499766432595
3328958.0534023447854283055756177329706926485955281099048138120427733165158850469335060689338779592888138772998415651167635611642186237231505081417630500647
3750111.3578679546270081267011090464395742566874367684133096770061521281789233684558057952044289263756354959815852465736741328075449246597357209533092529406
1679385.8241647775146817955370835449640923680440441402768678286984759516646592384779712982114180043745834861679071065354504429784995520881168464685536464975
-4877232.3573436315506471756941205168228598155469524390308898664610272090651445092097239873343256295016094989890271371786169046775709664880822175904313355776
-7712369.1628756114406574570206528820169849339603715747253520373260248581095509001479020929379508806463196425562371515278037529792538331999021577757730936556
-5684905.7256066092588257086096434893905264761910176522658371403357259082843327558148726282497831111632014464903208060207920986366721822266040177805877971866
-887109.9458007602626273016222268656394036215200669254066797922646049862219420620437586777059074090461553139449656731101454236745531909096233788966049360857
960265.66641536938470984330646267174802109435471924904641573236526596675683757271708674566180961088304321396675287343508459101658500427588429792727452548349
857239.89468105341467516928049866824519615890101350981959591763897987077700331578338465235450760140926877999744359252816191869981516796416687390801919600513
241762.77002216992517780297079785336747687438239905820005406033823920325291995011863655826554407903116041414974329247730051918909675514724936803284145528423
57291.226299922730445669392730677056915099829775949359720012674287545931810827973314807804214611023467746636725241853329763870803352718471199226333866628541
17359.22387681296509151337243030248813135383071864737965974588765053791571123896374969890648066387585391471557652667344426228833302743990660468019880360768
2780.071429830953874762161800009082966145627370876922282947601223877643983330071038796069963232746622743617829924540826221609164541629478704537664357020873
-3958149.1922803556393928711025550644812224481166967236555641067768296098588851304187020360519637816083128557393181942352610572256122698700354227119908831791
-3340475.8048707429583421727473054675619954668388455814413771048515756458715884263678585098959370575441224915632089649143227605438565313132148678520731866992
-9808333.1464890127993652503723779236295002009182057225090600144808933807805422522617649247619414791601026538413156488589369321133250495482786653764657013681
212036.46065059299235939625885678305586334671475578034603936832595246466291520581950510902363879796162788060025506269980272102115385399337028647384369088735
7906077.8055809556050806236241946647255877664548425851300178386790481338322527751101719431704365142999602216247228245573340438961277493498568201377380095779
18258316.61671591641660523592595808215792683459001196051988943842080692852484140475797497857330075563203186707236512482781901740281871155708826508295535411
10387647.704729209469636032567648496064597611595382933542360056901489556108917028962095959674827410735723125406796413165466180534649936016239642832586360771
3275885.4353764157859271592670456286065121623978130228777102842552722544322397510004687426702022160457063768466778630793678016524406312401210871847918353039
-2370608.8705040088725963911077254434893258090963838774243912002053127581614858710525048838902092325968336362179680408057111451648136752825839727601814543947
-1226907.2744629789923620811384846993283133284411870612842613845281862871524225878093504006651614969989767675603644364939181187634434007867331216196157653131
-481568.13697368279371887733150082176181035403977897543202250818047518952961938085603643409204489864525122535621242299916729871984755369633831431904523568734
-47221.837717755007890392416009093247043598861616254962828105267988645543907178360659009530842942859015274213914764453444865762877637549359102239505380472562
-13370.037968126286897014623845415960982189038049593323057490877357481036334862196028804854451631435459878674206486261984604591240592705641240948574551259352
14901407.241303200126294671863609813521681151928724673332234007564594768504518741374634764875884738356606379579625978255724129979946510541701313665547421531
2527897.5834069250995405102673335015447425107159069179439640482218928156406758870983510584535830338237882660551790941010032185768007913547880975818617941059
9526248.460229323613514404275978195673964012134700273325371939310863420724666658344908290752181878452310446777089630486830593859194955386801285778468595931
-22416218.74194597035339239086807730987424444432332262562449351246557572647567349662591207731699093349044787454895038651535033081712375784798051606322659385
-20365466.439583359366281867680000102542360950694540297910023867152407838677913161159757833193429436927245186806899554537619697420180906054281705511696777021
-22157054.942437383348332445671691615765258138264658590814356655638329600233304322579423952049688186429959815646083455888983933862419403947095421769623600994
-1464788.3754808569914239383773434027535842377488923585090166566159591641534617610870388033495029507256695816722338201309700499106310897269657592531800718063
1087311.9794331172985355254235807856496642619441352688860433130296156937605367774180478656978650076347153892732110596880532674102820274230962742216741750392
2702110.2850190397507627840674500468073921769539557890485074600194576588011762970117550394906663592816930769852306676536984206674805532547347022943511316069
262640.62834546330731748767823288084601933023200223381079914894398392617088305394796592798548652889212271475491336217603949899443274293411380079649150114927
87775.507420883559146883684300076631087506811483420043688084179781562116627710551537659005504088097288648704289142875155429172392886500183116024126632716996
-25995815.437885288057273085400748084796199640574578401868684864935866588345815527655931802602893907001967593249319476907361759190417558316993864339890309313
11089165.471103457107153878251933537179815797458572584874850563438440999956263002177203433535717579763335439280610238082046964080786928244994314543194937354
10272045.608475824622548444102127254242188445085698539784890372892623571825529309971889539241584478609033401676584089284237708837188421352017354964934196452
43191757.132938180129602220102812697491399532355664079448833699797860512452531495483872021600977209799639269517049026016326108326906514015423209048341157186
17555507.27227132940326325481190109864690242168118468197318168844701366652313851023795481017383886335659462698014432758461921742555077608789559625152398831
9645102.7355587571889240978564627590972080579005154195509707179187690883069508281774104399601557323845212809449198191555603744198159761839839350144606007995
-5200119.3450033851690633789518776921560965350166040561250854049528748993031223677598886761937822164775587629219192075765766560994750895009640391984993802962
-1323721.2284451964692988815775035529776072675840843977528470046704189737040286587801294086546999073559296443907224794665521220625688580570225480804132361501
-969799.66745308695917925721024114419682743594419477922463418813106420115902248816391736347698938318928392683102056108880436233348373294755845094884944454618
8271936.8025744511364491646832763587684166643101802559046254837898148584147060188745685583436637103023830503373770047125927095319278450342306332847018420063
-29644976.15063929448211323399594910457568283547732758760195249662017126716808548197879578551819664126075698231759554280866072153447447323542325209444497109
-35978106.961015104845792150158307755674197928978608210539498037358121331847299609334272635768823977651956345458736539400690325026494140415858226245599180291
-30114598.911219324929936307992374189735162876426689861960774043150938077227618792117055816279606149720252780399793354119214114901350481445836690382480391153
-3856959.3061538993089523736448844209405339869693864328594585556274516202181006446010017322282878410127219556861512253819117676864247701591512067464107649129
699061.23605569967797715524004670849066783321413475500901811471463146756920957599146668445904501067815770252612504712233204447175979254795950712916462759933
2992473.628142010221475501294807346651467666973939336493830651161807838465978883185916980688606539806331273192129838957973818379450842532248998625004170256
36945172.575766026888077288851938287543230302199446039739239638022760200576111088272104941216068982933863304665899592891212704045200982310749786553909887375
27248991.95634957950423752249089093117977644707953837696416318028027678964525057875865687595901746244270576404511424422959317891515729430356861693792755642
30237068.562413939739301193016611011134095814582434413833327998410019858254470139204802575705289918013817043897806674696080579248340406876710108722579489001
5441192.6008084310630830441665481246932789341937460087982325706486765099565285076219076643604261131093740997137830912079774888562513520996364341348332906356
-3023061.3530875542073218733102362436632243102714618587866869155507477031208501538609102161633701290333651157314018184231875841224839721128590122057360520069
-42565143.162871696217143334882200251558769204203772147762930379069324860155313710000748227930973122400400617286433483715745947096243517243497325341819848612
-10509902.323164785707553638494864974762497749327467970585021523336231791337677690850415620098172652959346980111493416263325382017252164303907986866464052082
-2283975.9025181392392939526420036211949812542894472344876016712124989456065498591358311454158016651183466238701359798134819014302659276473196697987996716331
765072.90798086418898279533670334632918589016989713116822533694545610562849806860009942446698063666786967492838215799898113429182824148011911811846013564245
