25 1
-298.92980591874714339802135693230809149417095044308015318352657043461404864343434129934806363332874194491379360198484398416140259294184241876694394899937894
4200.839374932823629903010757545566298931544381450292913588777391230459424389655995987514154485567396226800655055765961291607719351757427273154153819055171
6834.0880246469824656617104070456277103893975764066044459389509093588039378144921538210125208414711638889239079620122080994629667277459131746463943461621426
11497.663983795317572758379832754682257233271273689843631393306028223904816891434541442676500160707061340348644492467278007442555686878842983819684774013991
7941.751146282795093998466413440804378260556138813207451029040006715076647086677677697152022000504527331971463213353906751070531725304301144884964404433276
3574.0319386801956358140116306021181862331403437814431186009374382927808444211919055317152064324249154514996667027779186410493652874192037011161484685893229
980.94998666654688313359518750841258277858394430279000971997068340815056725566982850160636000333362817843834747943475739937170941699102380282493681787129972
-43.698579090324320637054657722954794721101426938397699330312993508260648753514601031672557284244393078140049030646441122371439069709479024131792651411690899
2.3369975541220125861432285787881480615252897428956050033756277758528019898334416809114821214080128926602681055398177526798155660867838988925752399637335416
24629.129936870478685037847986308525218227965268571182820246094893726451033329070164889466887239299158657632508512546089655021524247722041327376732374470326
29000.170980434946503399427457892354753149572305868938229362282742200404216544278788583985187762063450164311908581082223438350645559703502421605377002914924
44035.868562215255054108059632517121586830628879718523988282618192970045591188831358329772755224841077061667722683419468537845353185753574288259253993032802
33939.658163765243127847537975359437974876818114343912051437189480770241565848945426370821782734164133549670607131154383536118480927996101801549907656808294
17202.280952193263316990096054030618612077457278369895799479513833203149731207253327735075599520663685460792614390023606779476263486385963909837125247104104
6984.1369158860392743576552628657148028064013280101278479656619709625097921091870198946181992792452580806044195227824419168539284180579366512241832618654809
710.01791869294165823626494799017270789300363299937168475392893641170858958343926110260280663844848759653049285789239226875094435353740796596465257349166902
-49048.269189225236023331812351707480925316700480977281153038124340561973647746180294303205737162788238559224262346075953745979854832280322577452270386077459
-43519.56536646135802020881402026776024453224040240756627686715988075748488998706334860648238729887528003593098734971443109734128516446480043569671379958577
-37944.179829224982736128380178646569122074363245785257757599948165364229508112080209785421417748949993688753180703975919014075878119571435432175582201305295
-24078.125381633455879658034273900098241292990662679335511888915229916083882203886714694273959435175494973548205583198765359752746267635772080149438026591839
-772.02998833752736254974752888027060482606339070690587257553617413817752820784937448235009866607990146601784431625040603073535344307971840270935164916212699
26030.166699301779731881178341389303690621489974594595121185862606927853794490535215291588555689540467337818393870786593283620958793127911808310553233190186
25512.007948591905386964163870941227735723938417442999413575297072228197840677152450929957683517430205719909799748813071423339603294695696520845271493506384
-9605.5592048326332467622060605161576180118797164301600890330712535056037937930722621632855249779653307110086862265325743718984233993886085047648512699710036
30384.146762949321506675262112765122232881797129662774258950292100585592910893050719092318094778687988257306339514414633539730778196921631674963387139577356
