36 1
179.71509820006750690997345289468730687361175303770770682338005200376487898384239287080142224541607927207954887046671853099376180437768818475902659993348788
152.29758343747896891878777592088634623354115555509992721242609294387793947000442229810895608718387764813180497664172176917928225442578552329393758917100224
92.873646800263839229458152899382632402795371597299367541175087775394319501437042497519439216329754800760500006696518325121654714848341774205282833069529917
87.900376918153029449289982255894401140382297056414784266085753469387077578337594949563586486557228833263803686444608941827310465120272415370513187384878332
50.841237846067509109443898776769192468396811040524577559005213042772711167989996084664215045468148903111035312824239232942788261450360823632502101356431593
63.525026423597488767248590554098485168827267526662053340792299294743323484877862529027520789202023865924294613193499146538152633733550134268513633440678895
28.915533717765323243318933259468941882442709875155466142541305454745788046742177450419002043899375346751489608413760090401658488023021071827939313145155916
34.186484682197872822753714611768115072166670334013468627201238021769825735807809797233618322910097307906580739915682192854217073211029858172414233031211244
31.462711303547837919958316524938596968814582845432704353612347127359123915912966468231405633484736230992425142243361765476630885494783820935704784526381338
2.0103046598029714315504406498355011622263861889504287004347635249423059555110133527065469431163687294397444943270425568706576065756416871153824409838543076
16.511767353323708584420211496791014232039727696839423311944245498802115175324123644812018347668856847601241343551444490210641729375152872925564061639266758
61.115911280749970471700761459555027153352432340674120447909195806746057274274271025622326086330958751666802401578063622396617599294842937190869762170326491
-6.3556771302353756577990432811886220909986173752653878578618910737510957502201172958704694562110320040288709804273071232430336494818217869747042454092295829
32.060256820146697308421300868649650937491857161374132392965348012237216198294264160184394313388079810263996353188018112933713227153435798247331710523516962
-13.106849630235212586540838141332419315142048843334746888886184680127094714220039004295747524675845810318779537861222000273210751732151649844315844542398275
15.201294990810205924012706041074324350348386216933508760715047824846247507647653422083915758688757015087721163379040201565037984190207236137711398433543377
-8.9487197215179052153626162728751108584621860978128578589110075446056225031985801281502892006044866368905204473030584961046050573363582327798048950240843584
-14.164631382649389059948049436050292042695032077656469020345401895476642053370347345123647692580559153121460118721393628707241186144867308267038038383313695
5.5142530748440091353397904250320808661282271152346925805137685602331657419740075780634042978891461160130033898789343820184360496456432368800137758853194206
-33.639524622068363408777227577948443716379760143748662372303577887260349050989963430915163000467641703525783567063579217295138020400221856261009644392523629
16.931037290071933902118499809668973026665687428647929702645501279734287205516452695060416435824359041859786819478549893779606085336257425619371157294321918
60.797426547997817294330122965153137022488085942656019395809352973070031155226313433234697189544814796387031629241360818189944782290050183167447110034605279
34.457911501938518283105030451665756571131612841142218999294691306568764375610233346495908242622870190441010456620919126541231177412086905460575396481960984
15.315092842678709294214226148396304070043593226049317205311387638362787544556727079961727423857309671528598018682944786350616877463199598698526481319324899
47.430602590797804909658459208431606937667173078468254220374789612653803364948241368085663532936382810125924089719906456298475274589324564559658001713921737
-22.471264470236606670788473097858210079312472354704836285983008041352557123084070138822134145566899873918475888526251912949470258521827044266704869085782813
-6.5804597328920978049099904706674289707019387358262244929643114345431877043824186875950767139691889470133591259673234175686312160440834561275860311961859414
-134.67930584735983558807865249245405671022370798783717603737872742910441421669248549804686475193275018531666852273816615042295182524208883951931927539603277
36.566260347845881183295678273228186551874628521079163454556482723144816714416046652582519038217872960346544443614376281884878288738653726940141116827627019
-39.639164115973101511341863781237397890436444323700756103624231887205972342562177335519748450781150167083991670030356551546272242486019782977837663155173306
-57.629048504786562574365114243442659772785989989524423713152768436298778769865582043668419550496340072709072319763326975883472150911836218421660608447669729
-13.367960286710960003420061188630729343350194722277798237818603787128614482178903827914899848987646636998476154964980293443177364370324368811959809133885689
137.97344257185449392152065637352599152877936949791592027641893027534748686164299307036404743235158692014714369255866462240603030856432556181488155652123668
-11.872597970889393746339638495442504985863352595622074279416789472655714249212202943664536347611680656720745953822353719262533670430150784648546887777314068
36.312973889562328662917993549429908619881702036658720109345835324837301667360783568323615935113481393640063422622824456218124951164047490830902503502004994
-142.58084619380663711249557867270640562014083045838061827509489238645643499707741295243806726509647379018295563753988407793837954013349265966490136129579801
