16 1
-224.92886520581487689438683450427461862702060006718325523078950304240975180707731527966269449471876535074945476470774126837157180005685125906629140878865191
2737.1662678323767060019640118248945190122690902220829392029014092381733424651620745857912476668834908513378264251618412066184431126402251286023502253654402
3458.9483636404672947985216187677545111457195844510283079515060859355939340977179771565810480791365097841055131367639796116630543276792618958771012695117792
4252.3411212074729577389780185813814502053851723927280686617262571651408415758795778770530220356445516520564237875548527436277788526142026594807682150683201
1199.7505288836190941873300308009913556937948517773313796191185056579752933013115243876659041405851546794606828682959199219669171693188616940455825740818189
208.16968991302106438266727476125715639087804947299925672601175771377622964949495015786822393988494355749934511615307937627168738391368149108804361760804147
-42.143490857554050842581001157241713506460208708974824490187130381345285572170341619976490562971760095195697478292573169486528811989707102548786182148144213
14150.757759431334938197822100229497145689091298757326955393679373250788896667070545980304946767210118182947102354518517904324665245082342823960202170188745
14231.317420546140064039599974970037005015318084134968678396555344890439029048473901480532986650676163266983455300214227249411004519887746422571416223459359
16246.567917570526269135945868439197990627110565712534184533369734215900350633632562136869973608374953137388081544627802552987736303056220728914463217115017
7217.769102251840447460811428129663179878674762672523061185830571528909681691213589606932583496062614096608561262927251241328575246000924137335293405207522
2035.0912950349908237162426275297459200030977536582584052295921693994263918812897498501368485001084061041649887951100390661570465773807234272807271060122668
-16638.833961601673111416431603533736372149519302159128688096759954801967715892055984966158055791884293214753036362195816499255373307455524568142684655804976
-11238.007195718196828840192775777328846328375983060548363672228057493932809755064215435666765410182615809303698588077426193003819948133590599817828155910719
-6559.569840481642793224982008140998471101357142867754798778692341506829692091033501098015464913137877604243256863001627144698343443104372568542858710203673
2122.8978209882817196873240832046890426071161683629421439559377187822008548889222742421468524869712776561015622663823985389445409147881470733776587531429579
