121 1
-609.17892943569511484220415569381265995336842418454942928893656461863635837921821708414685754084932001941368957171435326306122249963967687481951990662003458
25677.8555205328764474285955014286848689770943538543900038792320468523792403611447884548983105034165860665819857206788035110331123918765624185572038497916
75191.596326087384852207849210376992286999996526674199325546158505683597755405047128066271194974966054881694158046691327074955569400496527961510413604326072
390844.39609050879191732385961630791032131663274007610553406081142698992174127026841358525021619770802350102479595045389626737461723055827322535507618718447
600825.89198158704888793640970045389132656290535631926938769022446036920077611891463727984497632868644118936462899090376909043518899404474365790541307919398
311931.17299929206822536632260882034576434074203492502916336230367559004143106463940424711514456114906388347855982697758318736413734304076015700460237106389
-380750.53626968192674107953893340677549861303384135859907652803454997394193284803954331802653285659150423931851953031632428812301741089390083533525361703291
351146.77291703206106894907349822274093469860720468335417677868544059382341956200171978798479686608111880480780075365187932281201947236713503890558247396309
3490761.0980249151296196992896567693187809198089793488361775569791307752954818177961901517432692738034368472972326907148065418467221866008563943818642816298
7692227.0410452704669584724210518566273947353462485561297500278410276319701556701985086647980717454012057525843389421045756531361117104803809787992777527795
8911354.5717820551790672403329845586534684082429166951507621967660784141599920691868669118326969566053633738581260332491338986047623406467966152104582111101
5734736.7667183239654729908617478720751886868798016847456771055751500096635041161549033972655182872046276466055967368989232484663088572845749715807897411462
1754539.7227434403075407699559658596338558815835620497142475388202487632357491607646377145342580164779262380595732405328094874067996160700182523520031144189
40443.203070876727487209996305816942148300627534994881085480336211892012204694718545979114697133333862484882065565599454875470491620611124116870393778230725
-80778.878626056709439401174380595918573539854017623730030091747033405217353110660866308870178261618799328025268162446133032894817783454820377023639692894769
18986.059111882632608551631808772146546193335465376483789408054536357636855163121582669548654273163452858337201452864896915864023401028036478864318201448196
17428.995254673739735220971858272402270467501836070558901011143750472152766278024906540829152568093470065224389206583433947446581998404161355797415019230646
2542.0290143572086960829876385493435164221143390732588548342246845783318167215798591221318464115882769807005833112273002070542243285849258360047004402906805
1177.9177639540099861476174544383152792915452654138110997597533415887891583826557963855899395234389244215592644614678708488617155555266740935663244334815134
-43.539314187126707878440648590371600327299296227504993483615064703284611872132525670720367066515140079011898373663345850630084486204388818176828928356836844
2.1249216145397559690957610296179868616515898755136699528987367772130213399405289884451408979047427564081530343711890559665477224385830907512013576707019858
235764.70006759801158153587275096314188083596084326086499614269366487741142085837274719568771759464204469317972775060451089739918376352186656684481564941753
408324.25345449210361198956532183499938105884313954712517815640706280929117516039478999812015180156130816018213460182503527035605985350001124278348734507246
1674847.1171076965068892672515456959611362531846184864870937309272353015450587774501929963318828507998653262899502635708544174353255931186923273273255230191
1715030.0754898689428413218735491026172666299362833721702465323343464833244947809875322062125385935409437122509666424103676996567462933868703580367679298869
1076507.4567656007379693660809561761830607914552948851494694042599690079862738648247947926800139553889794303561816378773682743603313648750743166844149967707
-267112.15535666420008179500228381736543412582964995824336261330101199694656491470152546779511676584962798874318501378378962460061149194150792669966350010642
4001283.4546012151478910065159528977236660119471972242303479644845046035834345279196989584627363743592498519525843864299304316462320931508203023988857642084
14908737.763547598388959762974412234134141690163588591000228391970892148520453291855305703009814315475937103233267656171623533692257799640675213016952487885
27880573.663892017756774211956818300918651378937616203696652821736386775655271838982092819241002881275667504554432738356313713716437404642693364530782987026
31185929.010952492286953211944131973738706116899371761508422473402141530094737933240635489644925559711196674362185553658784786551172118152906956197939094606
22166512.057232416533874025322661011630069176661868390094918784281496860710686616516007058395203710033276977538030287071538993353645073735647165129063893388
9278340.3009628442195397858018003763740921822407149164731706837706079881305976529115543089773629192985700993280122142685048672495686494908535964692089629647
1758596.1536191088680820670757538819128184436124169421238895700080256574943894607346289548416616747173540950661421452946192765883573049079625313536876959243
-83340.719133387567422569480905229560210296719259500855618228127102520388119673573239532242776174438848335704624825371742093990824607939756312332347760806219
-33162.515121692572428493129271411060154703946503854704156877534589204055915431872891515559934080562950265500396201036107260075694167003522746049905844615012
65686.736693442865367338017481356634347326737477285368059137676468397237732495232073654066097397918319346547078506018724497626880231611157994482697477437941
21219.089348186354550452797009471614785076820482738286840404360748654553111202239221368991897691530472044921443303232974928486612764704380931264874292231375
6712.6721092010824186788024197090743605189709774996829290515621466428065067270470333986505051144294457535868257699913952917066149012444991262536996700077085
866.00255767621425293014331557982632115711922035797438075581009355253227488207301737030360052427927758575841164491545564528629452923332639092728462929486334
-2128370.1787955581260972178751520023572829934878030463775047643350966351910056149045829652849771308131969917520832391015986578072252664738221191008873231717
-1492813.5034084437437741755208987647272130403550746625102052733045990710464887415623103758071602990550896470318107750267944442710607449710897103036936270058
-5102155.6602150118753784867586722987078250583201327892882846295945982996365716661203922130941799509516806483109686882284369797685581979782928574822278139574
-108366.0497847776380410475077013262341767637783541416563831268214642812232978685857603751034206906085167130715653008649140958977904437747125408894048358633
-977889.44822074109103198983208257952539953512886644629287549592214106545511918379213244966555575015235213540497037689011079193671854987447486954766387780216
-6344839.3950994308182976113334513961010900328497521022786842029361026964533550398304002130407174508299205472405111744250903197270336515629570660466834182737
-30927891.768867565459634575596511529109582333124142138144826537864021829849528924451096828605132068705494762121993867136419475960211162967235798002255006456
-54922843.996751028753240949120689482587222564016634567548295245091048322366612211289386208236742295293993110482459182583678064767879388254638673726260625175
-63036161.03912289222970272294535900274701110185178708575579166475840814145219146808393451229842846800686713536107560672963503637683858112924459260100739253
-44051172.473577572106789796379672012646645843102425870518373958304031876949534414403634022664798153330013769768043833583983894381780236910739704823290630353
-18689945.845458046671933313197652346506121193251747674325855803585606030526240299990932944200014132187486272481776365088554483849238198343874062759783788289
-3439523.1519906546641792727253351709499076635444544367152803596895517393714811653453797954449891954057108249886377985884984398663989992996290709041891100338
265356.98341518303333746627820624123206530121368803752578916821243566287673219202411248978930796227453496002096953367220700561290411264252491931115224674615
59013.403569972368922999245289875900278706068625139942677009196511117899245922834280861863832708801274834493609278611750747444314621381658366013628495872137
-87472.199967687496199776549210109792703578135436456419790557788071337137918520895668725741866526491802887715955637918075924186732894901057945246908866949632
-41523.192232137237298644926574958039496823114603846677568844453132867690710371511798762293128897298602255626819232968890344138746428329599990820589118457755
-5521.4966431220539204477313584098145741761185419131701864502495327395709682022253156050776670710879698859502184972521734360780895868320038994419769227984285
7932219.6815358947455626714141891115078629571072397573551614305404581362234642048864237222830396905036509188316023367740113716373602204075428432165384052015
531709.3317121402485082132286730067769656188765973131979603307896481037127312107321395495199792819087494542854918255854005851562867210667413588044112035856
6674498.0692437440555960923245203480559926954836197623778220942276004819983093420591093108109359355568729331231305429506257832325816726205753214679264637995
-5496114.3522213671147644648997059370210566604817933312172633549792432192534832221275339665864000628153756125148126901386482716702521627158351066202912798715
14861286.381832703799109783334638772777427852862460723441716042785017731198856138589750861161955716925122991126375855473542643205919283128390505059246880524
41220448.492571024190365288369977492641157829424802097139355674903501311072748859504033679456273043940797130402858675923012412785831087482905828378744761152
85745807.740028268757512054430997197891176025432823019279079168310860356452580393617829931943565054742912908965943509110201168011251030260496780354574482856
91690106.149713835452890546634476843047014204031491459362765895104082090715732872490511803373095903589556198301508844035740341693111895481113140280628156872
67528701.596589671813402888326182184858875245955953022224296169274134866507220096816866379585332683271329356280917074937423012901831313637167155914360169102
26872093.365056067639956002431224165585682535535764105510515224988618198961507128779624754474487169612543461588352792048205159368198056139986109863228877309
5483350.7465588998571771289235092573122850740253543659771555662254758667334587982117533173494125042877017545046739288175200968158698739778686406271623379373
-719499.11900641301343881931019252814548890366235157222466732039853952716879340157256996739575111091622947550937236121186372272032935009306480609477653047053
-56226.508409671801599663442324012907123028393214724825504636008942839433445063113666487119497512655859566619121777860339364572479156870242928873994232253882
72878.807754094254780693897322436429804969879980250170809555699667448884136886102168860730374035280126393107304826099620695449248206519503041061811942593446
61914.63009537847366664636281669991482679739878954363774557500106345018565182911152411971899945811117930585374174136665704061428395869008321264111329149015
-13122132.469690207803729486120705651721040447523550967866114180396601328788751243208364229603701890826847726217329757040770954630844431975267938762972518781
5679361.3745128816285355567954991024999774428500531921837561346259377860550824276957993571275880364573325635959076083891327467363078905040553208109707170434
-5839464.4444961114715042040104431962847752283498244729061387625198437950476779570453429499009437215666954140803185602220778332632308601876084650929220415438
-6111620.4912778838488848321939774131047717869168720425435525001022270712344671845873861720486171320971734479124569880379240418943998521939708223242467643207
-64439514.45221323726335592899465843514218022322199972427895550242297805365259774446859839540921178657052058111808787348140548140884461657028752529536747913
-103507754.76876580822728070196440854222777224788310043813860740159964325220309894419037193340605792044633652826620868047840527465315251809629457839685862889
-127129434.3520703413559452550348802739620588189169330787497573412737342305684820824343613738529767830298725159389144358582389542152663613194576536589557101
-83469399.69296839858271765678855878078628573455695160792709070448047508563024116295191690203491937413664695060770656187977229470913161224896127762978030534
-38203540.308561429104410231401320590121988280572155552650950163169883175459352549237227731869779810145458057410532719122306429212000880492546306109667969657
-4761324.3895024706747206449788132958599417713164308323991321075872482627067601702517001673992526455474168835716600705572199207300763640224946466483736739574
-59114.250678759484256495240984134095048641891294217931467928251769405729771982661473932482425251821879446758602348643885511169177329496940896152323226259509
670639.81168761662775249708033779806321061285479291672779702832017122539488208648878182200278565258394366330364227805409269277898481560206526450557084309216
-267519.01183157589618993459485129838712633172331138126823172577780712946082163585872338695165646753836664954972570019602631330407503657454601380232184799727
4202806.0227859075854116328568157494841773226635959236215661524276386809707334382968768097507373199772563640365878982086443460115172044584827736307593547274
-6786411.067858915460676523120916877414739877136409899361873870351945925706681598469269580464708966761542428796032945113281903610511998015430184229723958742
18761239.81221672178595685819962959776182528066881499762113223676005189045739808439324890496927976229388036438727964700738242366050844941850297051469809951
63818127.361608466095208058134081174701641638701645149651531006032689620600549659313113782087090747276203188070488385071921317792225841409157350884298784309
134446751.0630000802514670845843949855510801623504608811283483969384271290878197016554980553118848824068699563411231485536751906886975781282888062578145026
142727302.03463595416965231128111971500610303172118485662681680494852867617582741468853968337494991552765963709869668283806964368815455823770896146101001368
106631750.46077322310698683705779906763267340806837427256434706372286463401988754007280377450220450420913087109030954861166995027879499405217250620000179587
39120333.727682395150552375717428814404447493576959411845896341854260029396736263617090345932117633033190345614318039067651016776740929610113432910335056989
8377731.9604972067477080615131675370407917370192593452769644387373933923271743434027811188076934399719149207442925653957382240163309645256935913677457978992
-1982762.5707361572737986859343284694623187506989721756502557379855631022974372094987341152412985671041350345787651447333997763208787522008646897195322115765
24359.509996423842296099391007436000335894056724755911072387966004468779131647516473387079608138076765277693033088207738300191747764115088448598033888894914
11771362.059918804089578519477727013841640713342601813210323892532339812051769109044646342742980827657040035231375166352158575262854542154694905778245754594
-19088039.721135419128442752506886667938521738983531059080363486356733121045614169759348928838490394683476969229949306715171290857926372176370190305985739129
-68082717.254169892333718227199212181329606290302140277210065652025634090416908960593500205835658569520164461995517043009353866075148647349581973604529091894
-144430285.92921101447797601508809064361171714391762482284793416795272894526300156182438408278696975207715625144044931018696000740648067099616417205161750351
-157712170.2401997774152723342948553301022259605954889745343220504996865151902266166449730564339041943587266121224121891489434820576832239681018948683527753
-112851820.43704613077124840784762354967958158043220294965759764325378526690887264460933644198314741324185711134580910378374536337382769353304172612296843608
-41427782.649360553795712217100833048066954300551831138680970204394732556756974133675391719357536289443144789601979448892178134500033049328321410880393317495
-6596435.3370619566001213916654116806758979009301062990038307367483436699505464077966360318741080064779083843795077649950797100065905756452339819059255785276
1711368.8022307368594825971076224912150529164803818305357860377403650955456851016734241349770305591712716262823382187809563300917968353231421613956220716105
12679070.129552169239966761900696008334711536284677455091300502808248185045019988268934147578631503421516952583797248107537835147320168209786511269240025485
67618325.541771051420514516305502095125250703053172583382356941532854930361892614465836686693989795892389796481409619917639804202827407675609018547857832479
132102641.40253690723474707053072843180963600153746982255496619437968715500614551187101877957511094240012108976031641174263706622275699328980558466261915309
162153069.08263708756525396798160949687021563213705884688111067945556427937577918883840059444498771221848083857985883543836674247492800390422617860824142554
97436586.865392580464149390698271205403720792465365222828401743638728152481940462973826199635555712395010780560254318152460691917082182921743745476345498195
41322055.737138329554103493654486082385946257478039896024400007062297620700549667300580453011654506772947343712835389243605155137938066757159519243850752776
78409.665519910597095227871242856870693538696220581725034775961856643087953511790265334524976069647047698386441199831125867319194231354928899129786734410858
-94800371.472168880623310071174411041764220698344969022386178753838280337287470437946789144826688966979471617222705163319714216968699340048359298518667526053
-88872849.427570114886878983980575014252921562604434708348780514190309055634815209917045559488337426489286413385366236096699721496767654298079984935892964446
-136753931.4332351284961077483516053526377986610021855924914414376900476394122994637086970081008818383043923770331114969037295544280504835026721585252782657
-77301513.883590435010969275156028167257111413401166881423264083539735039149368482150875714284728748761243138620666874004320096911553211463617694243338003607
-19698531.669731594279608333731049227773330122461671319985780407205157444826075748102550293976935358489105502926239115556449108954080801883519377095084632198
145820106.44277629530659803100841796202632438181477810590500193249439111188382137349533657226963028256007047388799087472827488834028240795613510382776357602
46571549.157627844286521663350190835220309137228162088089152170594614110898912742255791386537575982510999012154774861938743102514664122136326231896331484663
51359363.125939591906219192885471181990602290669556242855478120675886191046652190052094029610742687621045288357757384368586074211431511209079438470102610942
-65677508.101456318255573379754054066954397193554814730172624162776350398340483102414166454275394362938630636817544511996941733161319967982041387564651223029
